-1.470474529012243847e+00
2.330736800081507187e+00
-2.040150581155287135e+00
2.591738009386122421e+00
-2.855863928732549795e+00
-5.894208660569144609e-01
-4.041413304555563357e+00
-9.869860012856692677e-01
-5.205982015381614758e+00
-6.460717540025092909e+00
6.929213952906112084e+00
-4.022407175857070527e+00
8.012021073918456082e+00
-6.716664537920417288e+00
4.442717371412348903e+00
5.729069537561098713e+00
6.349421800310770969e+00
7.022292933377549673e-01
-1.681807236078314949e+00
4.124561799838714293e+00
-1.078636416237201079e+00
5.049589451428055042e+00
-2.495407830642365710e+00
9.723827563792013962e+00
3.487834621137919200e+00
6.052780342637158917e+00
-3.957238796359619393e+00
-1.197013845196534421e+00
-7.337250708719396108e-01
-1.278773801344792904e+00
2.034393093466505764e+00
-2.583115946456465473e+00
-6.116596646914408408e-01
-2.562442385013250945e+00
8.989723377415900885e+00
-3.019195200935277157e+00
9.618227697725307834e-01
1.619039363442648316e+00
-2.362942880094412335e+00
5.565572460231594798e-01
-3.039129183966254200e+00
-6.510513942330298676e+00
-1.992635117455148652e+00
4.806402929023212423e-01
1.538698715182730714e+00
8.749231420825975825e-01
9.597744249478790124e-01
1.172007129835043182e+00
-2.547045555224325963e-01
2.628860332832281266e+00
1.623791972685402385e+01
5.524202413652699484e+00
7.079309709881353996e+00
-7.428517457741872221e+00
1.768812842960421294e+00
5.258491722950981107e+00
1.065010852179740786e+00
-6.705569087775888448e+00
-4.974143063968921474e+00
-4.346791854243067799e-02
-7.188682073086519075e+00
-4.649662213908526631e+00
-5.525133220956217173e+00
-6.445195248284107947e+00
-5.871719667930778819e+00
-4.947676391132289631e-01
-6.293965783409629644e-01
-8.158473939293429122e-01
3.798897127048315170e+00
-5.215640472346871892e-01
-9.574951785659473469e-01
-7.364024563137915314e-01
2.579552309619241868e+00
-4.307763370747078047e-02
7.906607059699177764e-01
-1.105296630953446213e+00
-3.602061233529016526e+00
-2.272229340496068062e+00
-1.502282413990569943e-01
-2.018757974882589012e-01
7.721229698042360035e-01
1.521313937775299996e+00
1.002853715339595553e+00
6.051959316606967398e+00
5.856519008354261757e+00
-4.352670537525332506e+00
1.283863609338238732e+00
8.987121715782635523e-01
-1.075032662934847005e+00
-2.981212333828400673e+00
2.774258012503113324e+00
-1.661430416210752270e+00
7.323377993058660662e-01
-2.808998061630004983e+00
-7.616573892671250068e-01
-5.698766699619962850e+00
-1.121064409101954595e+00
1.454355975763957698e+00
-1.974400153995448104e+00
-2.130425170856621087e+00
5.549044254713103363e+00
-5.071842929332420979e+00
-5.417918290903567247e-02
1.156291325282357718e+01
-5.391731245870696299e+00
1.736073184405167780e+00
-7.296458100551621584e+00
9.409770558752450498e-02
-6.848000347664760845e+00
-9.591121590589964940e-01
2.984090864934070719e+00
1.543909821020998052e+00
-4.973615362222876257e+00
-9.789264185482742242e-01
-1.582862195918239845e+00
4.742117221192840404e+00
-1.163301254976564003e+00
-4.423811821480398088e+00
-2.988422355906192873e+00
-1.446338595610701327e+00
-4.935208022535054084e+00
8.420225174584906602e-01
8.945723743300826314e-01
-3.796568689688338161e+00
-1.382375220641615332e+00
-8.194670512126302597e+00
-9.735807318062155158e-01
9.392504376139708455e+00
1.138928650692485078e+01
-5.751480107973084621e+00
-3.663921079021980609e-01
5.039001078976887982e+00
1.847360807300752805e+00
7.884777454450524914e+00
8.086085923689569910e-01
-3.103086735554445141e+00
-1.606080280930149762e+00
1.446618185272337431e+00
9.751730230267166011e-01
-7.658650281083307476e+00
-3.579677187700314622e+00
9.586908366173354512e-01
9.135049339579054406e-01
8.234175447902224221e+00
1.135155368092371164e+00
1.223793542442859428e+00
-5.116979055024749812e+00
2.148628207971461812e+00
4.976325283624523976e+00
-2.920514796254810364e+00
2.841148018850612633e+00
5.977993182422708385e-01
1.570282724207832459e+01
1.322005757605537291e+00
-1.080478722695377591e+00
5.187319048924021736e-01
-1.358148613603152199e+00
2.168101158747633317e+00
4.127271909881455869e+00
-5.060076252605465008e+00
1.087560199024731222e+00
5.770351710800640355e+00
5.410541370903462877e+00
1.087543838015428310e+00
3.553941521868084763e+00
8.427295427190162336e-02
5.045247053254405145e+00
-1.610427456581402961e+00
1.922571589391386393e+00
-9.808176734132825203e-01
-2.326312891322193099e-01
1.175973953834465124e+00
-6.044053823817758797e-01
1.589733955696122081e+00
1.990799283961303345e+00
2.443721340304177314e+00
-3.147673656391568597e-01
-3.884708345773891125e+00
7.486399420415661865e+00
2.570533520125043658e+00
2.448778674939259936e+00
1.426767740146799301e-01
-3.578347149541207362e+00
1.531785984527547440e+00
1.258834568733816495e-01
1.485798117726981005e+01
-3.850219120549309704e+00
1.301224198248226660e+00
1.596872841387788178e+00
-5.563356299938324590e-01
1.268918184593237131e+00
-1.503092393758762579e+00
3.820094843922950290e+00
8.217887556616308986e-01
-5.922989153609969470e+00
-4.202082604781915087e+00
7.039216699559407431e-01
-6.095989615469965095e+00
4.429045258931898488e+00
-9.919439467379737030e-01
-1.769425053721076502e-01
-1.850787625947517778e+00
-5.350852151289942071e+00
1.102749089302474239e+01
-2.519466900800182430e+00
-1.985803250297971001e+00
-1.157873177573679246e+00
2.946110692392209796e+00
9.486256080897142340e+00
-6.574939726735980372e+00
-2.237535490299781493e+00
1.665944523174553549e+00
1.936036066857969917e+00
1.649293970679456933e+00
2.465282297425757108e-01
-4.257677067943428817e+00
5.032955764561087619e+00
-4.972540781781340513e+00
3.811978962118235614e+00
-5.915694828688375928e+00
3.653162670467299922e+00
-4.237906243747213253e+00
-3.278552116746737966e+00
3.659368624239231482e-01
-2.581519090136177752e+00
-5.057489079071615379e-01
4.694211450050998380e+00
6.543938075215725014e-01
-2.355350547924168314e+00
-5.393577181241780316e+00
1.140438492278907479e+00
-1.129060740591778522e+00
-6.093200507948662192e+00
2.423280373570167789e+00
-3.468069865239635785e-01
-9.006953325007517330e-01
-3.167973790024595893e+00
-4.325980667605803909e+00
2.377660940595710315e+00
1.277067325043842771e+01
-3.387916738821632023e+00
2.056460600647093351e+00
-4.565563629576445237e+00
-1.344430919889512133e-01
6.197500624155523496e+00
-1.080257521625707318e+00
1.846725996597877062e+00
1.518601784628921925e+00
-1.562779247487491752e+00
-9.344412064590493228e-02
-2.660271098985030669e+00
-1.211976720693246801e+00
-1.460103836928407173e+00
-7.443764148031397632e-01
4.581134457426117024e+00
1.122785008652576799e+00
4.378604153137670707e-01
-1.002674328976770557e+00
-5.361181321791555376e+00
1.431501655920769611e+00
-5.459165784043150005e+00
1.609644418708685576e+00
-4.762829218872490777e-01
5.402645848625234670e+00
1.087311491647851014e+00
2.113826071140180396e+00
-9.742116263084599215e-01
2.612725140672235824e+00
1.943808471543898575e+00
-8.291690617919784678e-01
3.272677011267018266e+00
7.457058853051443670e-01
1.461972747724051613e+00
1.165976097974915859e+00
5.178927163418158841e-01
-4.166033612251021978e+00
-1.900568876651496986e+00
1.192351101756399245e+00
-5.386557296972120490e+00
-9.946218692318383736e-01
1.636848871281693762e+00
-3.783296342918710753e+00
-2.468628182256354275e+00
-5.076884247557651442e-01
-3.464872746724397601e+00
-1.061105450852416698e+00
-3.052808795098849171e+00
2.048011093171528962e+00
4.941996018183292816e-01
-5.711676549742604081e+00
1.745813322617847829e+00
-3.390085805277089359e-01
-4.388053935718740028e+00
-3.626692905135461498e+00
-2.440493486964994574e+00
3.608101515388734137e-01
5.357284095883138697e+00
-4.525372615933985543e+00
1.363768728710826661e+00
2.718739679675471255e+00
-1.922681828875091092e+00
3.777959228663987368e-01
2.037212779769570048e+00
4.235204377223681149e+00
1.610651574888007920e+00
1.723200773585100154e-01
-6.673194526058545684e-01
-5.876100595616747801e-01
-8.060838006158324021e+00
-3.296293370443955872e+00
-1.252491223362238282e+00
9.098789051578615172e-01
1.696537060411134057e+00
-1.429737678025635450e-01
-4.298793157925000052e+00
-6.710034860738562923e-01
-5.965445371721018741e-01
-4.501450914435130457e+00
-5.092812731759459588e+00
-1.167842307460398743e+00
5.197205509813146662e+00
1.524776978369667413e+00
-4.211715812350238508e+00
1.387693282121063687e+00
1.405686067698291408e+00
-3.644345226491015666e+00
5.407029193286305713e-01
7.184400411796584507e+00
7.472419351853938352e-01
-2.773625879518851534e+00
-2.644570899324519164e+00
-2.693663545818897109e+00
-1.962407731993902171e+00
1.363198935526643618e+00
1.859750673856633085e+01
-1.444523811737147945e+00
-5.477656581510169431e+00
-3.462430150564653086e+00
7.963399770874879380e-02
-4.698258016176714236e+00
1.744198305701675888e+00
-7.300578436771919533e-01
6.291732392781989702e+00
-1.308555060427875283e+00
-7.004165307316032596e-01
2.537489371694082507e+00
-3.887849435709850976e+00
4.865162439256037530e+00
-1.434300916189372277e+00
-8.866474848736841663e-01
-5.455136936580015750e+00
7.838666655976060937e+00
1.588756992907757404e+00
1.720518174848570947e+00
-6.618618966215866983e+00
-2.759416650573598417e+00
2.616401811345254735e-01
6.224307687324403204e+00
5.243096677190591803e-01
-1.548342390451810990e+00
3.141142280210633686e+00
6.516426583905112757e-01
-4.922031777627213778e+00
6.986149191834734928e+00
-1.095149018687139542e+00
-1.976276905162485331e+00
-5.244189071203008368e+00
-6.475000620373179139e+00
1.268366394220201032e+00
-2.016572926785879627e+00
-5.599041227879027360e+00
-4.337864481274073647e+00
6.616684674111619202e-01
-1.768635099654986220e+00
-9.897095802826656463e-01
8.882280616945221752e+00
-1.308551605269392404e-02
-1.599110358836896006e+00
-2.212890714087117239e+00
-4.084166275604232510e+00
1.317399141823799358e+00
9.359648465757102187e+00
-2.156590967598445152e-01
-5.653280772480899330e+00
5.256477404819348997e+00
-5.491498145689896582e+00
4.125803951342903453e-01
3.004180770147411472e+00
-3.856084786897374661e-01
2.233365016794332636e+00
-5.670602818562173297e+00
-6.023739240176158916e+00
6.168886709828601767e+00
1.451602319492865334e+00
-1.716616591704350547e+00
-1.788172741832338986e+00
-4.005420080590978316e+00
-1.266777903094810309e+00
-6.930587844974952505e-01
-5.073341268280270100e+00
-3.932947261308301634e+00
2.028595559363857714e-01
-2.187587365234016534e+00
4.105045859904780658e-01
-6.187358238480535899e-01
-8.915370551972927604e-01
-4.399414462256872049e+00
1.574368121426106826e-01
1.167678163776817657e+00
-2.133382199807728252e+00
-9.401027002795747656e-02
-4.233267788028608258e+00
-3.644653250717861059e+00
-6.544116667356525419e-01
-2.797646519958937983e+00
-1.339823358608218662e+00
-4.262124911612398925e+00
-4.198210872477398325e+00
4.171561723992748827e-01
1.284241467801270131e+00
8.084343384933163623e-01
6.783889097992684691e-01
4.696604834831273889e-01
-5.397824012353845680e-01
-5.905783018154568076e+00
-3.007707928853288859e+00
-2.778793173353274248e+00
-2.462336367775662449e+00
3.451314907903852536e+00
5.760910462973108714e+00
4.215415845425177999e+00
6.071351585990622191e+00
-5.549875669632822195e-01
-2.492460695106705870e+00
-2.283054890848610352e+00
-2.045674198390483589e+00
5.306056478011011990e-02
2.126685255178995870e+00
1.806370392723654295e+00
-5.724646123186754032e+00
1.054742948618299536e+00
-1.653026673873963404e+00
-4.260386084161544851e+00
-1.357008109659644912e+00
-1.550336752007891450e-01
-1.313150220628100939e+00
2.136665445998898960e+00
-4.528739707155782668e+00
-1.040111461967019535e+00
-6.654868261724636858e-01
1.999069001884576036e+00
-3.101983633525548179e+00
1.294577507136209782e+00
2.631277605715067303e+00
-1.564600069383659253e-01
-5.657127697519468867e+00
5.991405417191544291e-01
-4.782325379416763944e+00
-6.275040524108722373e+00
4.148122961545703369e+00
-4.532718939865000074e+00
1.532624229719883768e+00
1.754309585636088853e+00
1.287212960920559368e+00
-3.896136879057413349e+00
4.854265405196285244e+00
-7.140399114887996390e-01
5.461809201099231181e+00
-5.027511084586307355e+00
-5.617019783358541574e+00
-5.127074113486077778e+00
6.804296352401097536e+00
-4.558042629761086317e+00
5.988675735321738358e+00
4.593742112057834781e+00
-2.208070496492544166e+00
6.252610403446798859e-01
4.611645465464614402e-01
1.005567360225877227e+00
-9.634736790333193746e-01
-3.391013733538470909e+00
-5.023406001603536453e+00
-5.749845421388271038e-01
8.676166208366706822e-01
-4.215187799175843963e+00
2.166863188765815629e+00
1.441874073449073590e+00
-1.411720427926212162e-01
1.552775762501459988e+00
1.017393794915470551e+01
5.714106028018425043e+00
9.456983548039580301e-01
-6.758089265052814376e+00
-1.694483026354082877e+00
2.279156645722605568e+00
-3.562547414425781600e+00
5.296337387446357070e-01
-2.942678578969491809e+00
1.101335208553320566e+00
6.272829735045661881e-01
1.217940990825732817e+00
