41.6,17.43
36.57,17.77
54.18,18.75
11.05,22.6
24.8,23.22
43.02,16.93
4.1667,23.083
10.98,18.8
30.75,8.6
48.88,15.13
18.6,8.52
8.07,17.4
54.48,19.5
11.333,20.317
14.133,20.983
33.32,11.18
44.97,11
13.45,22.68
22.58,17.87
14.083,15.483
33.98,17.15
10.45,23.75
30.65,15.12
29.55,14.82
49.95,18.4
35.48,21.27
33.73,6.48
19.17,21.07
36.38,13.45
29.7,8.07
13.033,13.933
46.82,19.38
19.87,12.03
27.48,5.4
32.68,18.68
13.83,17.68
32.38,11.4
33.52,7.6
33.73,22.8
22.47,18.8
51.07,17.8
36.82,10.7
38.05,22.15
2.78,24.4
14.3,9.55
30.67,13.33
43.97,16.48
30.92,10.6
49.43,19.57
27.6,15.07
13.58,18.37
27.47,22.82
18.3,16.93
41.77,16.55
54.85,18.43
26.62,22.17
11.1,22.6
30.88,19.55
22.13,19.15
19.88,22.28
12.95,23.5
1,24.4
44.08,11.23
28.08,21.05
30.58,9.63
29.53,12.07
45.37,9.43
44.38,16.42
18.23,15.97
52.15,20
44.27,5.47
34.17,9.32
20.4,23.68
17.02,21.88
1.92,17.4
3.28,23.58
35.62,13.33
24.53,25.37
36.35,11.07
43.8,1
3.583,22.717
32.17,25.02
20.6,18.57
9.6,24.52
37.85,16.07
54.02,17.93
33.08,11.3
50.42,15.22
27.2,19.77
26.15,23.92
17.2,11.5
16.45,19.317
3.42,19.35
49.97,15.28
6.48,10.8
11.97,10.68
25.72,5.13
20.82,22.6
35.55,11.28
9.38,23.23
41.22,13.8
24.6,22.83
36.63,17.78
42.65,18.83
50.68,19.48
28.4,21.37
35.63,12.38
26.43,13.22
27.52,18.58
31.45,7.52
35.2,21.58
28.75,18.4
25.3,18.52
42.37,11.5
27.25,8.8
36.6,13.32
43.35,16.97
44.85,10.78
6.97,23.45
14.63,19.2
16,17.167
4.036,22.799
15.883,20.15
43.33,17.72
39,15.33
54.62,18.08
20.43,20.57
7.43,11.03
26.62,10.27
41.7,15.23
34.17,10
2.57,15.22
13.12,14.27
30.82,17.13
3.17,24.88
3.787,22.545
17,22.22
31.68,15.65
45.9,17.77
8.67,23.37
24.67,10.85
22.42,9.15
28.17,19.37
27.15,22.6
14.4,17.98
47.27,11.47
48.45,12.9
37.37,9.03
41.23,11.32
46.15,15.85
15.93,15.07
27.77,17.53
52.58,20.05
26.08,21.63
49.05,19.92
27.78,17.9
10.5,19.75
45.7,15.33
15.87,16.53
39.13,15.88
52.12,21.33
24,17.3
10.75,19.8
32.32,20.55
34.43,6.65
34.33,19.82
25.72,17.53
36.07,8.77
33.48,13.25
43.1,11.78
18.617,17.617
17.967,21.133
28.35,2.53
9.883,20.367
43.48,16.27
45.37,18.53
11.32,10.12
42.8,14.02
28.15,11.07
14.3,12.58
43.22,9.05
4.6,16.42
37.37,19.87
41.32,12.48
28.02,7.48
35.55,5.68
31.8,12.52
51.42,18.68
26.37,15.12
15.02,9.63
13.52,17.97
6.183,14.883
33.78,14.57
18.769,16.984
34.02,18.12
34.38,14.65
53.38,19.82
25.6,8.42
7.45,14.83
36.22,21.05
14.07,13.43
31.98,7.63
54.48,18.35
23.77,9.62
27.82,18.48
47.3,16.67
15.9,21.25
44.95,14.82
32.88,20.75
4.68,17.9
27.12,15.97
28.13,4.55
1.62,21.48
28.32,8.95
29.95,21.77
21.28,11.52
43.62,17.5
39.22,9.73
21.67,19.13
28.65,6.13
4.33,16.75
48.85,13.75
35.57,21.9
31.75,11.08
43.58,13.12
34.25,18.57
24.73,22.27
30.62,15.77
47.55,14.48
14.233,16.133
32.35,10.62
33.15,7.13
50.27,19.9
14.483,17.35
28.95,24.25
51.55,16.72
25.43,16.57
33.33,15.27
25.82,16.08
31.97,13.77
16.18,8.2
40.17,16.68
48.73,13.97
38.5,12.07
28.25,12.73
9.433,23.3
9.43,23.98
16.13,18.57
31.9,21.47
41.62,11.9
40.05,22.2
52.63,19.23
7.362,21.281
35.1,8.27
27.68,15.22
8.3,22.65
6.45,22.67
48.95,15.85
2.42,15.82
36.03,18.28
18.23,20.22
48.52,15.3
44.73,15.38
27.93,13.48
3.62,23.6
3.22,25.42
36.15,16.6
24.58,12.9
29.55,13.2
28.97,7.87
53.57,21.1
30.23,19.9
3.77,14.45
47.1,18.78
46.35,11.27
52.73,21.37
46.87,11.77
49.9,17.07
40.3,19.63
27.75,13.17
43.2,7.27
25.72,16.15
9.63,20.05
43.7,4.35
20.15,13.15
43.87,8.83
13.92,15.7
32,10.17
10.48,25.35
23.35,7.58
47.57,15.85
20.07,15.37
36.68,14.8
15.117,17.05
54.13,18.53
51.45,20.75
22.78,10.18
30.45,10.17
15.6,22.28
30.02,19.87
33.3,19.27
37.95,16.55
40.97,15.17
37.42,10.35
36.75,9.73
34.37,11.33
33.15,6.67
44.28,17.28
44.67,12.27
36.12,19.48
31.6,13.83
3.42,17.7
37.82,17.22
26.15,12.05
26.68,24.57
33.18,10.15
45.17,12.3
30.9,19.17
36.88,13.3
7.35,18.417
14.25,19.017
29.47,23.02
35.82,19.73
45.63,16.08
51.12,17.9
7.17,10.38
35.07,9.63
13.52,17.68
48.82,19.4
55.02,18.07
3.205,18.831
7.17,20.25
21.82,12.75
17.03,9.32
27.4,16.1
23.8,15.35
32.32,9.73
27.23,17.42
15.88,8.05
16.82,14.82
28.72,22.07
41.62,13.85
44.08,14.32
2.67,14.88
28.32,15.13
46.8,16.08
19.38,9.23
10,14.98
40.1,16.05
5.45,16.48
16.07,14.07
29.85,13.7
55.03,17.83
1.93,19.58
52.43,20.97
44.98,12.33
3.05,14.22
26.97,23.15
20.32,16.27
33.27,24.25
3.98,23.18
44.9,10.7
28.77,8.65
14.35,16.13
44.32,17.58
27.95,18.8
32.03,20.52
24.33,9.07
22.57,17.58
1.9,18.62
48.63,17.7
20.33,16.02
23.32,16.52
24.18,11.57
4.814,24.969
19.62,8.28
32.22,19.6
50.43,16.15
40.58,21.82
31.97,21.75
14.98,10.87
48.68,16.32
29.32,5.5
52.95,19.83
43.42,4.47
2.18,18.25
3.32,13.93
23.25,17.03
21.35,12.4
32.65,7.87
24.1,12.1
19.15,8.25
10.2,23.83
39.72,17.25
33.13,11.82
34.25,20.52
12.45,14.15
12.7,11.38
23.2,8.28
7.45,10.55
14.67,22.27
10.883,20.05
36.43,13.22
14.35,23.13
46.98,12.35
30.18,18.45
55.25,20.1
31.35,11.52
51.37,19.03
50.02,16.22
8.37,10.68
51.25,17.1
39.12,13.45
6.72,12.93
39.75,12.13
28.48,10.08
3.7,24
39.57,16.35
42.3,9.05
5.317,15.583
30.73,14.6
22.1,20.33
32.1,12.08
37.32,7.13
51.92,17.18
22.72,25.37
37.45,17.95
18.53,13.72
31.67,18.52
2.12,24.57
37.3,22.28
30.52,17.18
10.57,15.73
49.02,15.7
24.73,5.82
2.8,21.73
33.67,22.27
42.92,17.2
6.02,23.75
40.52,6.18
13.3,24.77
45.48,11.4
41.82,19.42
23.08,19.68
41.9,9.15
28.68,17.37
32.97,13.57
25.93,24.1
45.03,18.13
30.72,13.97
1.67,22.6
4.8,21.33
31.2,22.87
55.35,21.67
28.18,8.32
29.92,15.07
29.68,12.42
34.77,20.2
30.92,10.92
25.97,13
29.97,20.1
35.3,18.78
34.48,8.13
14.283,16.333
40.77,9.88
14.23,18.27
7.15,10.78
13.067,19.2
28.03,20.47
24.28,19.62
38.83,14
46.57,12.83
32.73,10.05
35.58,13.75
17.02,16.03
38.4,17.38
36.25,7.77
17.18,20.97
4.87,21.65
46.18,15.72
44.02,11.75
33.97,22.98
29.65,12.65
29.58,7.7
46.92,13.5
35.25,14.02
31.67,13.52
38.02,10.35
38.62,9.1
51.35,19.73
29.58,15.28
40.18,10.93
13.967,22.167
39.9,14.37
3.6,22.35
3.25,15.97
13.22,21.98
45.03,10.35
29.55,12.82
31.77,12.87
11.52,17.18
18.28,21.32
45.05,15.98
33.3,20.58
45.68,16.8
7.08,11.58
55.65,21.52
34.35,10.07
30.32,9.63
41.17,17
32.87,8.97
39.48,7.18
27.48,20.48
34.92,11
33.85,14.92
51.58,17.83
9.733,24
23.72,7.13
42.57,9.75
40.35,14.65
1.35,19.63
38.07,7.62
14.13,14.37
23.43,11.4
16.82,19.27
35.17,19.78
1.97,24.47
41.87,14.3
19.683,18.883
27.17,21.33
42.3,9.53
10.43,10.6
35.97,13.3
10.62,19.25
35.5,6.35
36.92,17.33
18.78,12.42
40.78,20.03
12.733,24.367
45.83,16.37
28.5,6.77
28,20.83
14.45,17.233
28.53,6.87
50.48,15.82
40.35,6.57
5.58,20.58
38.68,16.8
33.87,20.53
9.98,9.23
20.6,12.92
29.17,15.03
28.6,9.85
43.95,14.82
2.63,24.27
19.73,16.864
8.2,25.43
33.65,9.23
22.62,24.35
40.78,19.2
49.92,16.42
3.28,17.65
3.6,18.58
18.38,14.92
10.7,12.43
22.72,9.63
29.47,14.1
43.83,9.03
8.55,9.53
30.43,20.98
34.48,22.33
14.88,24.27
27.38,24.22
48.37,12.58
36.73,8.65
53.65,18.57
18.893,13.406
36.23,22.35
43.73,14.5
29.42,21.82
26.45,14.63
53.3,18.25
36.15,14.83
17.82,24.85
5.37,21.68
11.617,24.883
28.6,25.22
7.87,12.13
9.13,19.93
15.3,21.733
17.23,23.3
23.1,14.9
33.6,17.48
22.4,16.6
15.583,17.35
31.08,20.08
7.27,22.55
44.67,14.68
27.1,19.28
29.05,9.37
22.03,15.25
30.7,22.43
33.75,19.75
43.72,12.18
35.85,14.62
32.65,17.27
18.72,21.28
54.25,17.93
9,10.35
29.63,5.72
43.55,12.13
26.57,18.98
50.43,21.02
44.35,14.22
9.05,25.45
6.01,20.4
27.95,7.27
9.07,17.05
29.33,18.22
42.02,13.23
34.55,14.9
24.22,10.43
4.85,22.03
15.55,17.217
21.33,16.15
38.67,13.3
34.82,15.12
25.07,5.15
26.42,3
45.83,10.63
2.5,24.53
30.08,15.78
28.68,16.02
33.77,12.27
40.88,19.83
3.55,18.23
35.42,12.9
57.7,22.88
7.7,19.23
41.83,14.87
6.912,20.66
47.85,18.8
14.83,14.82
24.63,8.37
15.417,19.833
34.57,7.02
19.317,17.817
40.77,21.08
12.15,13.967
26.42,21.48
36.15,12.47
14.38,23.33
33.37,23.28
38.28,14.5
16.98,22.92
47.37,14.53
34.5,17.63
28.85,5.72
19.7,7.75
18.32,9.58
37.17,16.92
40.65,14.63
25.15,17.13
18.873,16.987
7.67,10.05
43.58,9.32
28.67,15.53
34.82,14.93
29.4,17.32
35.98,20.97
28.4,10.65
13.82,25.35
37.12,13.62
14.383,18.867
32.35,19.63
35.42,6.37
55.83,22.03
39.28,12.75
48.1,15.4
3.17,14.07
42.47,11.2
46.18,10.87
13.4,9.78
41.22,14.2
29.42,18
3.23,17.77
26.35,24.93
3.48,21.57
31.35,15.1
39.78,15.15
26.7,13.03
29.47,16.68
48.4,15.53
53.83,20.87
18.6,21.98
23.97,22.83
21.3,10.92
4.724,18.769
15.15,21
37.92,14.2
5.33,20.4
48.18,14.65
29.85,14.95
49.57,18.67
6.73,21.93
34.38,6.82
44.22,13.53
28.98,13.32
45.35,2.55
49.58,17.25
28.38,22.52
14.2,21.4
44.15,10.88
3.8,21.75
18.58,14.98
48.55,19.33
33.63,19.12
26.17,18.22
28.8,11.42
3.57,13.67
35.42,21.1
26.12,24.73
2.206,18.527
5.42,15.62
28.9,12.2
35.87,11.32
19.98,12.87
15.3,7.8
41.38,16.42
29.67,22.03
13.52,9.88
45.42,2.23
52.02,17.75
3.23,21.72
29.72,16.18
32.62,8.82
36.78,18.38
29.73,15.35
40.32,14.13
20.42,16.2
34.45,6.72
39.72,18.02
32.45,18.82
31.6,11.25
35.68,19.23
43.27,14.12
31.2,22.42
46.12,14.07
38.23,11.72
49.2,13.53
42.48,20.3
37.97,9.15
5,23.42
41.03,10.55
33.13,6.95
17.745,14.101
28.7,21.85
23.93,13.05
27.85,15.58
9.63,20.52
45.47,14.67
20.62,12.27
38.1,9.7
18.58,21.22
34.92,17.37
40.97,9.43
31.82,8.47
6.92,18.43
18.08,12.38
4.05,12.8
52.83,17.42
29.38,19.53
16.63,17.25
36.57,18.13
21.4,17.62
38.83,9.9
33.58,17.17
32.23,23.25
27.43,13.2
46.5,10.28
29.03,15.13
27.67,4.52
49.48,15.02
33.73,20.62
11.83,16.35
42.88,10.98
29.23,14.47
28.5,18.47
47.1,18.53
51.52,17.4
43.03,7.98
33.05,12.78
15.65,21.5
18.597,15.344
17.82,20.1
27.15,12.28
13.667,14.283
29.48,22.73
1.63,22.43
42.43,6.08
34.58,21.05
29.53,9.15
30.18,6.43
35.48,16.75
47.58,11.17
41.62,15.63
29.15,15.95
48.38,17.2
6.27,16.15
13.9,17.48
31.37,6.52
12.217,22.333
39.3,18.47
3.52,13.97
14.58,18.27
4.88,11.75
23,8.77
28.88,11.72
29.07,9.48
4.48,15.33
31.37,8.25
29.83,17.5
13.83,23.67
44.57,13.25
54.75,20.33
5.27,18.9
16.25,10.1
39.07,10.4
44.08,3.87
22.07,14.17
25.02,13.27
46.47,14.53
2.18,19.73
5.52,24.28
41.92,17.83
45.77,14.98
36.08,19.5
15.22,10.95
29.77,18.08
54.27,21.53
36.85,9.73
8.78,9.68
32,10.78
16.33,14.75
27.58,17.82
21.27,21.65
12.25,22.77
31.43,7.98
41.62,11.3
40.57,10.32
13.6,17.817
34.27,17.08
46.08,9.53
52.63,19.32
8.67,9.48
42.02,7.95
49.48,15.67
35.4,14.78
55.28,22.08
27.65,2.52
28.75,22.37
9.533,17.95
14.4,10.12
13.83,10.43
31.9,18.75
28.5,22.12
4.067,23.356
12.383,22.717
41.17,11.45
29.9,23.42
3.93,16.2
6.97,13.7
46.75,18.7
42.73,11.13
8.384,21.451
17.02,15.57
27.55,24.47
47.05,12.1
4.85,12.65
41.07,20.43
43.15,12.93
21.45,17.87
15.8,23.13
34.7,8.82
27.22,16.52
43.82,4.47
39.5,11.13
20.27,9.38
46.58,15.52
30.35,11.93
35.42,7.25
49.12,19.4
4.88,24.22
35.82,21.98
13.7,17.7
30.48,16.88
2.92,15.42
35.05,12.48
24.92,12.15
32.35,11.02
3.82,14.43
1.63,16.93
23.08,21.97
40.92,16.32
42.58,11.93
47.52,11.45
41.83,13.55
47.32,17.12
29.3,5.17
33.57,14.38
45.88,17.13
13.73,18.38
29.58,23.77
37.47,22.23
27.58,7.62
14.12,17.42
22.97,15.75
49.1,18.9
45.27,13.18
20.3,13.45
42.6,16.07
21.92,10.88
40.4,10.7
12.67,11.77
41.67,13.32
26.25,15.68
18.55,9.43
20.28,13.02
51.83,21.17
52.52,18.28
39.6,8.23
13.57,13.97
26.05,11.5
28.32,22.85
15.38,15.45
3.6,14.85
27.68,19.45
22.55,12.1
28.52,21.77
13.75,9.87
37.43,10.2
38.75,15.12
54.43,18.67
15.03,8
6.05,13.68
44.2,14.93
3.13,17.17
29.6,15.58
30.82,10.5
28.5,17.88
20.77,8.37
20.85,15.27
43.28,6.13
48.5,11.98
29.33,11.72
14.867,18.75
16.17,10.97
26.12,11.28
33.72,10.03
13.83,10.05
40.25,12.83
26.6,11.1
27.37,7.5
34.13,10.92
32.45,14.1
50.18,20.07
37.42,9.28
30.08,12.05
15.8,21.68
43.17,14.43
19.35,18.35
11.03,19.18
34.38,17.27
34.8,14.13
15.35,7.9
3.878,23.727
31.92,11
28.27,14.52
25.25,25.07
55.95,21.72
27.82,21.33
5.23,23.87
32.78,15.47
1.45,16.93
44.62,11.67
20.53,16.35
34.53,16.55
38.02,14.05
31.1,20.75
41.72,15.9
10.7,20.25
30.15,22.32
14.55,8.72
51.22,17.58
34.43,17.23
23.85,11.68
15.667,17.067
20.2,7.62
38.7,21.85
27,16.27
27.1,6.2
33.43,19.82
12.967,13.933
16.58,16.68
19.52,15.93
38.88,17.07
28.62,11.77
31.45,11.35
19.52,16.08
6.8,11.48
34.32,16.27
10.1,10.25
42.57,15.57
5.62,20.897
22.08,20.85
21.73,20.67
29.07,18.38
14.78,19.92
13.75,18.2
4.18,13.18
1.3,19.87
44.15,6.73
24.52,5.92
40.22,7.8
5.383,18.417
26.52,15.63
27.57,18.12
42.93,17.72
15.117,20.383
45.85,18.08
45.28,12.27
27.38,8.7
51.38,19.53
15.75,21.9
25.33,16.83
36.02,10.83
32.13,20.07
56.02,23.07
53.33,19.08
29.05,17.13
21.1,24.93
39.18,12.37
30.4,6.37
9.48,19.98
8.62,20.53
42.7,12.55
24.1,8.33
36.07,15.6
41.53,18.37
32.88,22.25
13.4,18.33
43.13,4.03
34.58,13.88
1.73,22.82
41,9.13
20.03,13.88
17.1,11.78
36.1,15.87
32.3,18.97
30.97,13.68
13.58,17.22
1.45,20.38
43.58,3.42
16.77,11.55
44.12,15.8
1.78,22.27
37.78,18.57
6.7,22.13
17.95,22.2
39.45,13.63
27.23,10.8
29.23,20.47
29.43,9.6
37.17,20.7
26.87,7.2
39.83,13.33
27.23,15.95
10.08,9.13
33.62,9.48
5.65,15.6
11.33,10.67
35.35,15.78
21.07,7.02
34.23,13.15
31.78,14.85
11.7,13.933
29.12,25.42
42.48,16.73
15.48,18.43
13.83,16.9
24.32,21.45
7.67,21.67
39.52,12.98
28.85,10.45
9.533,18
29.38,8.17
36.82,19.63
32.08,8.87
27.8,9.67
28.47,18.87
1.82,16.33
35.33,16.4
51.68,17.22
18.383,17.75
42.55,15.52
12.77,8.38
35.1,8
36.78,8.87
40.58,10.93
48.78,19.45
17.35,20.1
43.42,7.18
36.15,7.6
13.167,14.933
51.58,17.23
5.53,24.55
16.18,16.82
36.83,10.9
43.08,3.9
4.984,24.443
30.73,10.35
24.43,22.68
27.85,6.35
34.57,7.18
43.03,17.27
43,14.82
35.95,18
23.35,8.38
1.53,17.82
43.33,16.18
27.55,10.62
11.067,22.183
11.98,13.57
30.4,8.25
41.82,13.05
40.72,10.6
28.92,9.65
14.7,8.22
53.53,20.87
17.63,21.77
7.68,10.65
33.28,20.9
24.62,11.4
35.27,13.37
30.3,6.65
28.88,17.1
18.33,22.75
24.53,16.63
24.73,12.55
52.98,20.65
31.93,21.1
5.58,11.07
30.02,18.93
14,15.583
46.8,15.8
15.28,16.77
15.55,21.45
19.467,19.017
44.8,8.67
27.58,2.6
35.57,10.75
43.35,8.17
31.28,13.95
53.03,17.92
7.917,17.967
23.07,13.18
38.33,12.77
2.77,20.8
34.32,6.77
44.43,13.55
30.85,9.37
13.52,9.57
33.27,22.95
21.28,8.78
12.57,13.67
27.5,16.98
32.5,10.57
47.32,17.95
3.5333,20.033
41.42,10.67
34.58,17.03
34.33,8.83
4.73,15.47
47.97,17.03
13.82,23.1
31.22,8.6
12.57,14.1
52.58,20.52
9.72,20.28
39.83,16.55
27.38,8.83
2.55,21.37
1.58,18.3
44.4,14.42
28.2,17.88
3.519,20.351
35.37,22.92
17.67,9.05
41.25,16
3.1,14.73
28.62,9.42
32.45,17.77
40.7,11.37
28.62,14.7
17.65,16.48
2.23,21.38
43.08,10.23
33.15,18.53
45.28,10.17
39.43,16.2
37.07,15.12
3.43,14.47
46.23,13.32
54.42,20.5
48.25,16.48
44.55,16.72
18.87,22.72
34.77,15.6
48.52,12.3
14.52,15.62
27.68,12.87
45.85,12.83
35.42,6.43
41.35,10.45
46.1,12.17
2.23,20.12
35.67,11.37
35.12,15.42
22.87,16.1
39.4,11.63
4.45,18.88
8.58,10.2
52.15,18.63
40.85,15.57
45.3,3.65
26.38,5.12
51.77,17.1
35.35,16.18
13.933,16.883
5.95,14.767
19.23,25.13
33.13,17.25
14.933,17.2
34.27,10.17
42.52,13.68
26.57,11.97
14.167,20.867
27.92,25.25
31.58,9.15
44.93,12.97
40.58,14.88
21.63,8.35
45.55,14.25
23.75,18.43
27.22,5.08
51,18.3
8.92,22.67
36.3,22.08
34.45,11.88
49.65,17.47
13.07,13.88
21.72,17.03
36.02,20.57
43.28,16.9
39.67,13.72
19.68,22.88
25,23.3
43.95,4.38
51.12,15.83
28.53,9.08
2.27,16.23
53.67,19.53
34.05,20.08
17.98,12.68
36.05,10.95
38.97,17.47
3.78,14.98
9.983,21
52.25,21.08
27.9,8.47
42.52,10.65
6,21.82
8.77,9.28
13.917,16.383
14.75,17.317
5.6167,15.3
42.87,16.77
36.83,20.82
51.08,17.42
7.47,21.78
54.52,18.82
25.03,10.25
8.38,21.22
11.63,9.17
37.38,14.53
39.63,14.05
23.73,23.27
22.17,9.1
14.02,10.02
54.12,18.58
47.93,19.23
43.82,4.53
19.05,17.783
16.717,19.017
20.483,13.781
6.68,22.7
29.05,18.75
28.67,6.37
34.83,11.45
29.57,21
42.92,4.23
19.88,9.78
41.37,19.48
30.93,11.7
21.97,20.38
28.77,16.35
35.43,19.13
10.25,23.217
39.05,13.87
26.9,10.87
25.97,15.77
51.47,18.3
35.88,12.02
40.43,21.62
25.58,14.7
3.533,22
13.75,17.417
27.6,11.1
27.45,21.62
32.88,17.73
7.83,18.45
28.48,23.9
12.73,25.43
14.05,17.917
29.45,15.3
34.22,14.83
30.83,15.75
32.75,21.5
31.72,8.78
48.58,14.7
2.8,24.57
42.07,16.2
20.25,24.97
32.13,6.33
2.12,21.32
30.73,22.12
36.4,22.58
4.891,25.17
29.1,13.8
26.22,21.9
14.6,21.85
38.88,10.22
46.9,19.63
34,6.27
19.43,14.2
31.05,13.6
41.3,16.6
30.58,6.18
23.72,10.28
23.95,9.82
40.77,8.22
44.92,16.83
40.93,15.6
14.18,19.9
32.1,9.55
53.55,20.77
41.78,21.8
30.93,25.17
49.8,20.13
31.27,7.77
29.87,12.27
33.23,19.52
33.68,13.93
8.38,9.18
14.267,21.417
3.803,23.232
53.27,20.15
31.47,9.87
28.92,8.72
43.13,13.88
5.87,19.93
51.75,17.43
9.917,22.933
24.3,14.38
37.27,16.25
39.05,16.77
26.38,12.68
48.15,19.15
41.18,8.5
37.22,23.12
28.55,13.7
52.18,19.15
22.03,14.5
6.85,23.77
17.492,15.508
28.63,5.3
54.9,21.42
30.42,6.17
2.27,19.87
16.48,20.98
5.219,20.879
27.13,6.55
50.9,21.2
5.07,14.9
29.15,12.85
11.383,20.15
31.28,11.02
7.42,24.1
34.73,20.12
28.53,14.38
15.68,19.32
34.23,6.58
37.2,18.2
48.25,19.52
37.2,15.92
12.58,15.17
35.58,18.27
20.35,11.98
27.6,10.95
41.73,11.65
40.42,13.13
30.15,16.78
49.77,16.55
27.25,10.63
38.78,15.73
38.9,15.25
45.33,16.95
3.12,20.2
13.77,19.8
14.15,25.43
37.27,9.68
35.95,9.5
32.77,19.03
25.92,14
21.22,17.1
2.68,18.82
37.8,18.23
37.15,10.72
49.77,18.77
27.53,20.17
31.95,16.85
6.72,19.73
7.83,24.7
3.42,24.65
29.2,9.62
27.33,20.83
3.833,21.771
35.72,6.32
19.53,14.98
32.27,20.75
19.7,16.7
49.22,19.6
9.53,22.68
9.567,17.683
30.15,22.1
4.37,12.93
42.27,12.65
21.53,6.75
22.77,15.22
37.87,20.55
9.5,10.58
2.02,17.75
6.52,12.83
18.82,20.58
34.68,9.37
18.1,22.05
4.9,12.05
10.78,15.85
27.8,17.33
6.25,12.78
42.93,14.9
26.18,22.48
23.98,22.48
13.32,14.9
44.75,18.3
34.4,19.48
10.8,19.77
3.82,23.87
26.75,8.85
27.02,18.43
50.03,20.03
10.02,24.85
44.05,11.5
23.2,15.27
34.77,8.12
44.47,12.18
21.92,24.28
55.98,21.38
47.42,19.72
41.65,22.43
29.98,7.18
53.65,18.4
18.65,10.22
21.63,21.45
44.67,11
27.88,14.83
40.68,17.42
28.72,15.92
36.12,19.97
37.67,14.4
24.1,6.72
42.45,9.98
39.05,7.77
37.78,14.87
39.8,8.47
23.43,14.5
15.17,8.75
35.07,19.18
27.08,5.98
34,17.4
30.52,10.08
28.62,20.35
8.47,22.15
37.18,14.83
25.93,5.37
40.53,9.5
25.2,14.25
28.57,14.12
42.32,10.82
51.13,18.47
44.12,15.87
35.77,8.77
3.4,22.717
43.02,12.05
27.7,20.82
44.02,12.37
37.95,7
14.117,15.583
22.92,17.6
46.57,11.07
16.77,24.98
44.2,15.25
7.7,22.567
39.38,18.2
30.93,11.5
53.97,17.62
14.1,17.767
10.517,23.433
26.25,14.05
13.3,22.817
17.03,18.03
28.53,18.68
31.63,23.5
26.32,4.88
14.45,21.1
49.23,18.98
30.58,14.95
17.53,8.67
43.2,13.68
24.03,25.22
13.1,16.53
40.85,12.3
46.17,13.03
53.47,18.5
14.933,23.233
8.33,9.65
7.42,10.63
31.48,21.42
32.4,11.67
49.38,15.92
44.25,12.85
29.17,10.47
46.58,12.48
9.583,21.633
28.43,17.72
35.92,10.62
22.27,24.05
19.886,12.279
22.9,22.43
28.05,20
27.42,3.68
22.47,19.28
11.58,23.33
49.95,16.12
41.12,15.55
25.85,17.15
32.22,8.42
37.68,18.82
35.63,13.55
28.2,17.35
30.3,13.35
30.53,21.58
17.355,14.342
40.6,11.03
36.55,10.92
36.2,10.45
7.33,21.595
45.2,8.95
45.6,14.4
28.45,17.35
7.97,23.55
54.48,19.25
45.07,13.3
26.77,9.88
8.98,23.77
44.53,10.43
28.12,14.37
51.33,20.42
33.45,8.62
12.15,22.917
37.93,10.68
50.23,18.8
24.85,17.58
28.77,24.78
13.12,15.25
14.87,16
16,13.73
32.77,7.05
32.73,10.82
18.88,16.53
13.5,21.25
24.38,17.28
2.253,21.976
12.72,14.28
23.38,22.38
40.95,18.03
48.8,16.65
29.57,24.75
4.7,13.5
13.75,21.05
19.48,11.95
29.62,15.88
49.73,14.03
34.58,23.02
20.43,15.88
5.15,11.03
9.48,24.53
48.92,12
46.8,17.87
29.68,9
1.47,23.22
33.18,22.45
18.283,19.967
4.486,23.835
17.35,19.87
42.92,13.58
20.77,17.15
26.22,11.03
33.32,21.28
32.43,21.15
24.73,10.47
28.43,18.17
25.43,15.35
7.37,10.75
22.77,10.4
29.75,13.73
8.8,20.03
16.22,14.32
41.9,14.4
4.209,23.725
55.77,20.67
27.18,9.88
30.75,12.65
33.78,14.4
39.72,16.72
18.03,11.55
21.57,21.98
29.8,19.85
7.35,13.25
49.82,16.12
18.96,15.27
16.95,21.33
36.22,10.32
38.13,13.67
36.72,19.92
29.87,6.17
6.82,25.1
9.5,20.98
43.7,8.1
30.02,6.33
7.05,21.03
3.57,20.92
17.93,16.82
30.45,10.45
30.18,9.17
14.12,16.07
24.5,16.25
7.77,18.02
12.92,13.72
29,12.73
13.95,19.1
14,7.93
34.63,20.02
6.32,10.9
31.15,12.25
2.73,22.32
36.38,9.77
14.67,9.85
19.67,10.08
3.22,23.65
28.75,23.53
17.48,15.2
44,10.33
30.5,15.55
12.63,14.67
44.83,13.68
15.78,9.93
42.22,18.68
41.73,16.88
44.1,16.95
37.72,10.37
37.72,19.03
30.22,12.22
54.63,18.33
4.8,21.18
37.83,21.87
42.33,13.43
35.65,21.42
13.92,17.05
31.33,23.7
8.22,19.38
37.05,21.78
54.3,18.6
12.5,13.983
30.42,7.5
14.05,17
36.42,15.02
7.05,10.45
10.833,20.3
5.1,17.32
31.65,10.6
32.17,10.25
26.23,23.33
32.33,19.9
33.17,21.42
28.23,23.95
10.18,12.88
30.03,10.45
38.13,15.8
7.124,21.106
44.8,17.45
22.82,13.38
48.93,15.73
45.1,4.08
51.5,17.47
32.13,10.48
14.48,9.75
2.78,21.25
24.83,8.12
18.567,20.7
28.37,25.03
40.3,8.02
44.17,2.3
47.78,17.77
8.77,11.32
32.65,13.78
4.08,18.42
21.15,9.3
40.95,14.48
1.98,21.37
48.53,14.18
20.17,18.22
29.82,24.02
28.32,25.42
18.37,9.6
45.3,10.67
41.12,13.93
35.17,15.88
26.65,17.82
16.2,21.65
34.05,16.25
27.47,13.6
16.38,21.82
36.28,10
47.88,19.58
3.6,22.08
15.417,19.617
15.017,18.917
42.95,6.63
51.08,18.9
2.05,21.5
42.87,20.32
31.53,14.33
25.65,14.9
29.98,22.87
45.33,17
53.92,21.2
33.22,8.97
2.98,18.57
7.32,10.5
34.85,18.53
35.9,16.25
19.002,13.829
16.17,22.98
40.62,8.97
8.67,17.07
42.85,11.72
11.15,9.28
30.67,9.93
52.62,19.2
37.03,11.37
45.08,15.48
36.68,19.07
17.03,24.37
46.8,19.53
37.53,15.38
25.7,11.35
18.13,20.52
8.2,10.12
42.9,11.3
15.95,7.92
4.164,23.072
2.28,18.68
5.05,11.78
39.25,13.97
47.68,17.25
42.78,9.4
36.47,8.78
40.78,18.73
49.05,16.18
9.28,10.18
50.43,19.52
26.47,21.33
26.88,13.25
37.03,19.55
33.42,12.58
35.28,18.25
28.92,16.3
56.4,20.65
24.15,12.7
29.65,10.53
26.75,5.68
17.65,11.62
5.35,15.75
19.07,21.75
26.82,7.63
27.58,5.75
30.3,8.32
27.05,8.42
28.23,6.27
52.73,20.98
34.8,7.15
14.92,9.07
31.73,18.92
20.85,21.03
7.68,18.87
35.33,15.02
49.85,19.28
45.73,17.83
37.07,8.53
47.8,15.3
13.417,18.717
52.42,18.12
46.25,18.9
41.6,14.5
29.05,11.6
2.78,21.45
11.3,24.13
32.98,16.65
2.27,22.55
42.57,12.87
26.2,7.58
44.33,13.75
23.38,19.25
35.77,6.73
30.6,9.38
2.694,18.503
12.13,21.82
33.9,18.43
51.33,18.75
28.37,12.9
35.4,18.35
35.07,15.23
15.6,19.567
16.033,10.433
25.38,16.72
16.03,21.9
12.97,21.1
12.65,14.033
53.1,19.58
38.78,14.4
35.77,17.4
8.93,9.3
18.42,10.48
15.4,20.933
2.38,23.82
43.47,5.65
50.65,20.6
24.8,17.52
55.68,21.92
31.55,8.87
18.42,14.22
49.77,16.65
54.25,20.35
19.158,12.372
9.92,10.15
47.1,17.47
45.55,12.4
28.12,3
5.6,15.9
14.63,10.98
1.52,22.82
17.47,16.97
4.42,21.9
34.78,16.43
35.4,8.25
27.43,6.18
37.72,8.97
35.57,13.62
35.98,8.08
36.48,18.35
42.72,11.58
13.77,17.07
47.25,14.15
15.47,10.95
25.68,19
18.93,24.67
36.53,16.28
20.9,17.6
25.35,10.23
22.33,11.05
42.12,21.52
27.53,7.38
31.42,10.12
27.08,9.12
27.87,3.67
41.25,14.02
41.78,11.05
28.38,16.6
22.35,10.85
33.67,16.42
7.73,23.25
23.77,23.72
9.35,20.17
34.53,17.87
29.2,13.12
17.58,12.52
50.37,18.42
11.68,9.72
26.4,18.23
13.18,9.95
45.95,18.73
7.4,10.27
14.283,15.917
42.88,12.25
30.42,22.88
28.35,14.82
3.28,14.73
38.15,23.02
48.83,16.57
35.75,11.18
22.2,9.93
34.98,6.52
28.72,9.6
18.492,16.617
29.37,13.58
42.05,20.73
36.33,14.17
29.9,19.63
27.9,6.12
37.5,19.13
2.75,17.75
46.62,14.9
23.58,12.3
38.37,15.12
45.78,10.67
26.22,13.72
25.92,16.97
25.05,7.82
21.32,8.87
26.43,16.12
34.07,22.45
36.55,16.97
26.3,6.75
28.58,20.45
35.02,7.15
31.05,18.13
35.88,12.65
18.93,23.52
14.567,16.417
16.8,21.23
37.78,13.85
44.92,3.1
28.17,20.17
28.33,7.07
23.98,6.25
35.72,10.25
43.7,16.1
44.28,15.4
38.65,13.67
36.8,17.78
50.37,17.45
12.55,20.23
3.67,13.78
33.87,17.73
48.28,18.15
25.27,24.48
13.05,22.4
46.53,11.63
10.45,17.417
27.95,16.98
49.08,19.12
51.98,21.02
19.68,20.92
6.88,24.2
11.93,20.37
10.95,11.57
13.6,16.4
19.229,12.962
29.8,21.38
27.85,2.65
13.47,16.72
5.67,16.07
35.45,8
30.62,21.75
35.78,20.08
19.789,16.366
4.58,21.18
48.93,12.5
27.22,25.2
15.8,19.45
28.92,17.07
21.2,20.85
15.35,17.367
16.317,20.75
37.28,19.12
18.581,17.298
23.92,16.97
38.18,13
32.43,15.87
21.78,20.8
4.3,25.13
29.95,16.52
35.63,10.6
30.58,20.68
20.6,25.28
35.17,9.35
32.98,23.92
26.87,11.17
27.18,16.12
15.38,14.7
31.58,10.93
42.27,17.28
29,14.82
44.05,4.05
40.48,10.03
4.45,16.02
44.42,3.05
4.124,19.141
53.03,19.22
9.25,17.1
13.933,17.217
21.1,13.33
4.32,15.25
47.87,12.6
8.97,9.43
37.57,20.2
36.68,9.37
32.43,16.65
34.17,8
4.217,23.26
28.82,9.4
35.52,6.38
49.58,18.77
40.32,18.75
22.3,6.67
8.08,15.43
28.88,19.75
36.22,9.25
30.97,23.52
13.867,15.25
42.23,10.4
34.82,20.85
41.07,11.15
6.45,13.35
29.53,14.43
27.48,16.78
10.62,20.67
39.95,6.67
5.37,24.92
7.02,10.83
53.62,20.48
9.08,22.68
29.45,18.48
28.7,8.85
14.117,15.767
33.75,9.68
26.85,22.78
30.4,19.62
9.967,19.95
16.033,15.767
50.93,18.03
33.27,14.55
18.55,19.47
1.48,19.33
40.4,13.93
25.18,12.37
21.3,10.82
47.55,16.88
26.42,23.9
28.32,18.4
19.58,12.1
16.283,14.933
46.47,9.97
26.58,12.5
13.35,19.1
9.62,16.13
34.55,18.75
44.73,17.65
54.07,18.43
10.08,22
16.45,13.35
31.6,17.07
16.75,18.92
13.67,14.97
48.58,16
3.797,21.546
47.83,12.35
40.17,16.65
26.6,19.53
13.28,23.1
42.62,13.62
43.08,15.72
52.7,18.85
26.38,5.8
41.82,11.15
44.17,11.93
36.12,11.27
17.23,8.37
26.87,23.33
37.27,18.48
35.82,22.33
50.12,17.1
53.47,19.78
54.63,19.28
42.37,16.9
31.62,6.35
13.35,17.17
54.27,18.93
28.57,11.95
40.13,20.73
20.48,16.62
32.13,9.27
27.22,8.55
50.22,16.12
27.03,10.43
3.601,20.254
5.9,15.75
31.2,9.22
50.58,20.17
40.48,15.2
41.1,8.22
4.783,17.7
16.37,20.95
15.43,24.62
19.504,17.325
28.78,17.3
28.95,22.77
39.63,13.55
41.4,17.97
27.65,18.9
55.4,21.4
56.37,22.33
18.65,17.45
44.05,7.62
24.03,21.28
31.97,23.7
13.55,20.883
18.45,22.47
41.78,17.67
29.45,13.37
44.47,13.82
2.42,19.5
46.95,18.02
34.3,22.78
52.03,17.1
16.18,20.78
32.97,18.43
23.27,18.5
49.62,16.55
38.2,9.9
35.37,15.07
47.35,16.92
28.15,18.75
39.88,17.02
37.5,14.82
45.02,14.05
19.13,16.93
15.15,16.62
47.82,19.4
31.38,12.55
33.42,15.67
37.83,20.2
46.12,17.93
39.97,21.18
8.15,9.67
48.18,12.07
43.17,12.02
16.05,23.233
6.45,21.17
42.35,8.65
26.1,20.7
39,10
27.45,15.92
4.65,20.8
49.87,11.67
47.6,12.15
20.93,20.55
37.92,21.55
30.6,9.15
12.9,23.4
3.6,19.1
33.82,11.7
28.27,11.18
29.67,11.65
14.45,9.75
46.63,16.78
14.4,21.05
30.75,6.5
40.62,17.3
27.55,23.37
31.82,6.68
30.78,10.7
16.82,14
1.52,19.7
44.13,10.65
9.9,20.733
33.73,18.93
22.35,8.23
52.33,18.42
45.6,12.53
23.12,17.75
20.9,15.97
5.02,23.02
24.88,20.7
14.8,23.75
42.28,8.17
44.83,15.12
44.23,4.9
14.883,18.983
6.22,15.4
37,15.6
45.95,16.67
16.62,10.28
39.38,10.67
26,14.92
40.8,10.2
21.93,24.6
35,13.42
40.6,7.8
51.15,18.17
51.63,18.08
42.17,11.32
13.07,14.72
24.35,12.65
49.83,17.28
19.13,18.15
25.92,11.72
27,5.37
44.03,11.08
16.8,9.52
19.7,21.87
16,12.17
26.78,17.95
22.32,19.63
21.93,13.05
25.67,15.47
50.02,16.88
28.63,19.2
24.87,16.87
42.5,13.2
28,9.98
52.6,20.15
48.48,19.68
54.63,18.68
20.006,16.485
30.85,14.3
19.18,10.33
40.78,14.1
4.63,13.32
27.65,12.3
30.1,6.77
18.02,21.22
32.03,15.97
50.87,17.83
36.82,19.28
39.33,17.52
4.4,22.07
26.98,5.5
12.82,10.43
44.88,17.7
45.32,17.68
13.9,16.7
20.15,18.63
33.45,6.98
19.58,11.62
27.28,13
27.3,11.52
33.65,12.52
43.67,14.18
45.58,16.08
34.77,19.28
17.9,17.48
13.75,16.4
28.72,6.8
27.13,7.92
37.58,20.97
2.45,21.98
18.28,14.17
42.75,17
46.47,16.05
22.92,17.95
3.73,16.15
4.751,19.148
10.717,24.75
35.25,5.88
14.88,20.58
11.87,19.07
42.2,13.98
39.95,18.73
49.57,17
25.8,25.28
28.95,15.7
27.63,21.37
48.02,12.33
3.677,20.66
19.17,19.08
33.47,9.15
43.33,8.88
32.62,18.52
50.17,19.6
30.32,14.73
32.75,11.5
40.88,15.5
42.23,14.05
19.55,17.42
52.53,17.22
41.15,15.97
44.22,10.72
10.05,16.65
4.47,16.62
3.623,22.63
40.6,23.22
44.47,13.38
15.767,21.1
27.97,17.2
52.12,18.03
6.93,13.67
11.63,14.25
45.7,16.63
14.6,8.58
30.3,11.08
1.77,16.48
15.38,19.87
40.93,15.1
52,17.58
36.15,11.52
51.57,20.15
28.52,9.35
45.18,17.47
2.58,20.23
42.22,19.5
21.87,11.65
10.52,17.18
8.17,23.33
10.883,20.333
25.23,12.88
7.864,21.725
57.9,21.1
29.42,20.72
35.8,10.13
10.85,22.97
32.85,8.67
11.9,14.13
13.02,13.5
20.75,14.07
40.37,9.32
3.814,21.702
31.85,10.52
8.33,14.17
10.283,20.4
15.45,13.43
38.25,10.93
15.3,23.62
28.2,11.47
17.98,9.35
47.53,18.75
37.07,23.1
29.05,18.6
37,9.58
37.1,20.25
11.6,22.117
16.98,13.8
30.47,16.23
29.85,15.7
50.63,18.72
3.55,23.62
17.9,9.8
25,19.33
47.7,13.22
41.4,19.75
5.633,15.05
43.63,16.28
11.4,22.7
26.93,4.32
12.417,22.55
21.72,21.85
32.23,14.37
45.73,12.27
45.07,12.13
50.55,21.25
20.93,10.85
22.6,5.65
7.23,10.28
16.1,10.367
15.7,10.567
13.03,15.83
39.95,10.1
15.57,14.07
45.12,2.03
28.55,18.17
17.33,9.65
37.2,20.97
51.38,19.67
39.07,15
29.37,17.12
14.23,8.03
6.48,15.92
3.02,21.42
5.7333,15.117
40.18,16.88
29.65,10.03
5.77,14.4
36.2,19.75
28.67,18.17
32.27,7.4
48.37,19.12
43.67,7.93
40.05,13.7
39.28,18.3
21.02,22.33
33.08,21.18
35.22,15.57
23.68,20.42
13.83,21.8
51.75,17.72
20.4,24.58
45.33,15.43
36.53,16.95
35.58,11.07
38.62,14.83
19.38,18.82
44.02,14.03
19.65,10.88
19.5,9.53
12.717,14.017
49.13,14.78
16.65,19.15
21.1,8.63
38.38,13.23
16.62,19.68
57.28,20.8
34.42,18.22
15.5,20.2
38.05,20.92
29.7,19.63
40.35,20.75
16.3,22.37
40.77,22.02
25.33,6.47
14.47,24.77
49.68,20.42
23.5,23.35
34.85,12.28
46.38,18.57
28.6,5.92
34.7,19.77
25.92,22.23
3.77,18.65
19.22,19.37
8.917,24.817
50.33,16.67
13.3,20.43
6,14.783
36.52,8.48
41.97,7.25
32.7,14.88
36.95,18.7
18.73,17.9
52.4,20.92
44.12,3.22
26.6,16.97
11.32,20.95
48.75,18.55
33.5,6.77
26.68,23.72
19.73,9.4
47.77,18.7
22.4,14.9
46.13,12.53
20.83,23.55
27.43,24.78
47.5,19.02
15.7,10.52
28.23,5.58
37.62,10.78
27.17,2.93
40.17,9.08
42.57,11.35
52.33,19.23
18.72,18.63
37.9,16.58
26.35,14.97
36.7,19.37
9.08,9.07
46.97,15.55
10.317,20.75
34.93,14.03
15.083,17.167
31.55,16.18
43.8,15.57
24.75,7.95
54.03,19.65
32.92,12.35
41.07,10.68
28.18,6.8
24.65,14.93
15.6,21.517
23.18,10.05
21.37,11.85
37.87,17.95
32.82,18.18
45.38,16.35
23.57,17.02
28.5,4.47
42.02,10.32
37.48,15.15
30.02,11.92
13.43,18
8.43,21.33
34.52,6.52
50.03,14.78
4.05,14.97
14.98,21.93
11.7,22.633
25.93,25.32
32.92,8.37
26.5,11.45
41.13,10.1
24.05,8.68
6.77,15.9
3.95,15.6
19.95,13.18
42.53,14.27
26.33,8.45
25.87,10.7
32.4,10.75
35.25,10.2
3.12,15.03
38.28,10.35
43.07,11.55
26.73,4.92
41.98,10.7
34.32,7.55
23.47,25.12
37.88,15.58
25.62,16.27
42.62,16.57
7.1,11.03
14.867,17
27.48,7.93
28.82,13.15
2.63,15.5
1.85,23.72
30.68,18.52
13.82,19.03
3.43,20.63
36.8,21.07
32,16.2
29.62,21.58
28.13,17.43
1.3,18.48
13.7,21.467
3.98,21.98
33.47,20.12
3.52,20.75
17.58,15.7
22.23,19.93
34.72,23.25
30.13,12.93
35.95,18.73
34.53,6.82
22.18,12.05
29.33,10.92
33.42,12.32
48.28,16.25
40.97,17.57
25.15,24.8
13.72,17.27
27.63,11.5
41.45,13.58
48.98,15.43
42.95,6.28
51.38,18
30.22,5.4
56.28,21.37
44.5,9.73
19.33,22.27
48.2,18.8
41.53,11
20.53,22.3
13.65,10.27
43.35,10.62
3.37,24.43
50.93,18.6
29.97,10.1
4.73,15.27
34.58,13.68
15.5,8.15
20.45,15.95
37.52,19.52
19.37,12.78
9.417,21.5
49.93,17.25
25.12,21.98
18.58,15.32
27.83,5.32
48.22,13.95
37.93,9.68
13.37,11.7
11.783,23.883
32.13,15.42
27.17,17.1
40.85,10.88
27.48,4.18
53.82,19.53
52.6,18.37
44.78,13.5
34.85,18.85
17.2,15.55
52.08,17.83
26.23,20.18
41.58,19.87
48.83,14.88
26.72,19.37
25.63,11.13
37.28,18.8
54.13,18.73
36.55,10.7
33.45,23.13
51.27,19.4
26.4,10.2
48.1,14.77
33.52,6.88
37.53,9.83
27.32,15.17
4.464,23.985
36.35,21.98
32.5,10.97
35.42,11.2
26.03,23.57
36.07,17.37
28.72,14.27
25.08,9.32
16.08,10.48
45.2,10.38
28.62,6.63
2.63,21.75
22.63,21.65
29.07,19.45
50.6,21.03
8.75,9.83
26.02,16.4
50.82,15.9
14.033,11.383
37,20.48
14.3,21.92
45.33,13.68
14.03,22.77
16.6,21.15
13.68,16.02
8.65,19.217
4.32,14.4
30.4,8.05
15.72,8.7
28.3,19.87
25.55,22.48
42.58,6.73
18.97,13.17
36.13,17.48
9.08,20.32
20.07,15.85
7.032,20.698
25.3,23.12
24.88,8.25
6.8,10.85
5.87,11.4
49.57,17.3
33.63,16.57
31.9,22.2
20.02,14.17
41.08,18.72
21.2,23.9
36.82,8.48
22.68,23
32.75,7.32
2.5,20.17
37.82,8.37
31.9,11.75
43.63,17
44.8,16.35
14.95,19.4
3.03,25.17
29.82,10.98
25.93,12.83
2.68,15.07
43.07,16.38
28.6,19.57
7.55,22.77
27.88,4.23
34.07,21.55
26.55,10.82
26.98,7.9
33.03,18.03
47.6,17.5
6.75,22.12
2.73,20.95
35.72,7.7
40.43,10.9
16.75,16.53
26.87,11.8
31.58,7.7
29.92,6.07
37.28,11.7
23.62,24.78
29.42,14.58
22.93,14.53
38.53,15.83
38.07,13.77
25.53,12.57
28.1,15.8
12.083,20.467
6.32,14.38
44.73,5.07
28.1,9.1
40.72,18.97
40.15,15.18
50.12,17.83
14.6,17.72
35.87,17.12
40.55,11.95
44.63,1.6
32.48,11.15
51.15,17.05
25.27,11.88
36.83,17.18
21.52,18.37
10.3,18.317
35.12,17.12
27.52,14.38
33.15,10.73
25.68,18.4
10.1,20.5
42.75,14.27
13.633,21.95
42.58,13.52
1.48,18.23
11.1,14.38
27.08,17.72
21.85,14.48
40.83,22.3
32.5,13.43
15.883,17.183
4.6,15.55
32.93,21.07
13.533,14.95
33.08,11.53
27.87,22.88
27.77,20.1
47.03,13.62
38.85,14.9
27.08,12.82
40.88,13.98
26.98,23.67
33.37,15.03
13.67,17.43
14.8,16.35
5.6,15.42
25.07,19.95
16.067,14.25
51.12,20.68
7.28,22.52
43.87,12.2
6.13,21.27
19.25,12.33
27.83,8.1
52.25,18.17
41.2,18.32
24.65,23.25
40.87,20.82
34.42,6.98
13.3,15.333
36.95,15.88
49.68,15.72
2.63,22.6
51.12,16.92
43.62,11.72
48.68,15.78
31.8,8.97
31.72,25.07
40.05,21.37
19.23,8.15
21.07,13.45
5.267,15.9
40.75,8.47
4.23,18.45
33.25,7.83
30.28,15.42
27.43,23.88
23.75,16.22
32.17,13.68
28.35,17.52
48.2,11.52
38.3,9.35
40.82,20.72
36.92,13.23
14.967,19.217
47.98,18.87
28.9,10.92
22.53,16.93
44.25,9.45
42.8,4.6
12.92,21.65
35.47,20.25
31.82,21.53
27.55,17.57
17.92,8.27
33.12,11.15
18.17,21.58
30.78,15.33
28.32,23.33
24.88,22.5
9,24.43
1.15,19.18
31.82,19.18
30.9,12.28
13.717,21.033
46.27,14.12
19.287,13.166
48.52,19.33
31.55,13.4
33.53,19.5
32.93,9.38
16.17,22.77
5.25,17.72
34.82,16.17
25.63,15.08
14.13,15.37
47.02,16.5
47.62,19.65
38.17,12.52
10.03,9.73
5.65,15.383
20.73,17.6
29.92,17.2
22.08,25.42
27.35,14.67
40.92,16.2
27.9,22.55
11.83,23.85
14.43,20.18
9.32,17.77
6.58,20.6
9.58,15.97
38.97,11.15
46.82,16.92
3.6,21.07
10.43,13.72
34.15,16.85
10.083,18.15
8.02,22.02
6.68,11.28
27.05,21.6
38.98,7.25
30.37,19.08
30.87,16.7
34.27,12.05
39.7,20.35
40.37,16.32
8.73,19.47
16.32,25.03
7.18,23.57
33.65,21.65
22.88,9.17
43.28,4.78
43.48,16.67
36.02,13.03
50.15,14.62
51.68,17.47
27.03,8.17
2.3,14.97
26.85,11.97
40.25,13.53
37.98,22.98
31.25,19.52
35.5,17.62
15.25,25.03
3.73,23.2
28.1,12.98
11.53,10.4
17.27,14.58
25.52,21.95
25.63,6.78
47.38,15.63
21.43,14.87
28.88,16.58
3.98,13.45
25.47,17.13
36.88,8.13
27.18,11.82
14.95,22.82
11.8,19.07
15.6,23.77
25.05,12.92
4.03,18.18
10.917,22.917
23.73,23.05
34.25,11.13
1.18,24.4
39.8,14.2
40.02,16.23
6.712,20.46
40.98,11.88
10.1,18.283
36.5,12.85
50.08,15.35
41.43,17.17
27.92,6.97
15.63,10.57
30.83,8.92
38.43,9.57
36.5,17.35
39.05,6.97
31.05,21.58
10.017,16.833
9.8,23.017
17.4,9.25
43.37,12.28
30.4,6.98
3.13,14.23
32.82,11.58
38.32,7.65
15.6,23.5
32.7,23.83
2.75,17.17
44.43,14.03
36.8,8.78
34.28,10.28
25.72,16.58
3.25,24.1
7.083,21.815
31.78,18.47
43.23,5.18
31.35,22.82
32.83,7.83
29.92,10.7
53.67,19.1
16.73,8.4
42.6,16.38
31.5,23.88
20.27,15.67
22.05,7.87
5.47,16.4
30.22,15.38
39.88,12.85
25.03,16.28
1.5,21.08
51.62,19.77
23.43,10.83
35,14.6
7.7,10.22
3.859,21.638
40.43,16.63
10.233,18.1
20.17,15.13
35.37,15.33
48.77,11.83
36.57,14.48
20.62,20.05
19.85,16.1
24.75,23.6
26.92,18.9
46.52,11.63
25.58,14.22
41.35,16.35
17.3,24.85
9.117,21.517
41.07,17.47
35.85,16.65
36.6,11.17
17.87,14.47
13.117,14.75
10.017,16.733
33.2,21.77
24.6,16.08
32.88,6.65
28.05,16.45
20.17,12.58
20.7,16.1
45.23,13.37
31.57,19.73
40.18,13.23
41,7.05
45.2,3.92
36.33,11.55
29.28,24.33
5.37,15.78
40.42,11.35
50.82,19.27
6.15,17.03
16.15,15.1
25.63,23.9
42.97,13.67
13.12,19.48
17.12,23.75
25.55,24.83
48.25,16.13
28.97,15.65
49.08,16.77
51.12,17.48
31.37,22.03
48.07,17.35
14.15,10.9
16.97,15.52
8.37,12.72
30.47,6.78
3.68,16.92
11.67,16.1
57.42,21.87
21.5,22.35
18.4,24.8
25.72,15.62
43.23,3.7
12.15,16.28
21.8,24.58
35.03,15.13
15.05,24.38
36.72,12.07
24.95,12.55
14.333,16.633
36.48,9.58
48.02,16.5
5.267,15.933
38.5,7.52
47.63,10.72
30.28,8.42
44.78,15.75
30.03,10.28
10.55,15.3
25.98,15.03
29.8,16.82
25.38,17.38
13.333,16.883
36.77,9.92
11.083,20.917
38.7,12.38
47.53,17.85
41.27,9.72
33.17,11.68
45.15,14.3
37.65,19.4
22.68,7.33
41.6,12.33
33.7,13.18
50.43,19.35
35.43,19.42
4.27,14.57
9.85,23.9
25.02,8.9
40.92,14.42
32.88,19.5
27.03,22.45
4.2,21.57
45.27,2.28
5.77,15.95
40.05,22.78
28.17,8.8
35,16.57
32.4,10.13
23.3,9.63
21.18,13.43
19.18,15.7
13.47,15.22
48.05,18.52
2.68,18.75
27.4,16.98
13,10.75
32.33,6.7
49.13,16.55
2.982,20.119
38.88,22.87
39.33,15.6
47.38,18.52
2.9,21.33
8.37,10.5
36.57,21.32
21.77,20.93
23.65,13.45
38.93,17.75
22.25,25.35
21.07,13.62
10,9.4
4.48,13.5
6.25,22.4
42,14.57
51.02,19.9
47.03,14.48
26.25,11.33
23.22,22.83
28.35,16.85
38.12,17.73
46.98,14.6
54.68,18.95
51.57,17.05
3.22,13.75
4.42,21.08
35.13,18.03
49.62,16.87
16.15,11.65
39.23,8.4
34.13,15.15
35.47,21.6
50.42,14.68
3.78,13.38
2.38,21.67
39.45,9.88
28.22,9.2
3.32,24.95
44.58,8.92
36.43,8.13
14.133,18.133
56.32,21.63
42.92,8.65
46.9,16.4
41,14.65
10.7,15.73
39.3,13.73
28.37,9.7
32.17,6.67
14.017,17.867
39.65,15.43
4.3,14.35
27.95,9.68
5.97,14.2
20.87,11.4
34.15,19.3
45.87,13.98
44.57,11.78
27.58,12.02
32.8,22.9
39.05,14.07
55.73,22.12
33.38,16.9
52.65,19.68
48.78,14.43
45.65,13.45
35.5,6.88
14.967,17.033
21.88,17.7
29.27,13.45
20.33,8.35
7.17,10.47
27.43,4.8
27.03,16.55
30.13,15.57
14.983,20.617
14.633,19.967
34.05,11.42
30.6,18.15
34.55,8.42
46.02,17.27
18.92,20.18
44.67,14.08
53.87,18.57
27.33,16.23
51.38,17.15
51,17
26.27,10.6
18.23,14.5
22.48,22.23
2.87,20.55
3.5833,19.933
11.967,21.617
33.38,16.62
32.48,18.15
14.033,11.067
19.23,15.68
12.2,18.77
33.53,10.67
14.483,17.3
15.52,10.7
8.67,9.3
52.08,19.23
26.82,20.45
11.42,24.63
12.72,19.4
13.22,15.83
15.067,17.4
18.935,15.767
18.37,12.25
39.82,14.43
26.78,14.8
13.85,21.233
29.25,17.78
23.77,21.85
42.72,18.1
27.97,16.62
21.67,7.05
45.72,14.45
27.88,11.58
3.408,19.148
13.6,25.45
50.77,16.25
46.42,15.95
48.27,19.3
46.58,13.73
13.95,14.22
1.68,21.9
15.38,11.35
41.33,7.35
22.85,13.83
29.72,17.13
40.27,11.15
8.43,19.82
28.88,16.13
2.33,19.62
14.85,21.42
31.97,6.65
4.4,21.12
2.27,15.58
25.78,22.95
46.67,13.15
46.47,17.6
39.42,16.93
6.7,12.92
32.83,18.85
31.18,18.47
20.62,20.72
38.82,8.1
18.67,10.53
26.62,22.52
40.58,11.22
28.78,12.43
39.87,9.28
29.32,20.1
16.82,15.55
10.15,17.083
50.15,18.83
26.17,25.4
26.37,9.63
29.07,22.25
11.617,20.2
49.63,20
44.68,15.93
37.32,16.55
2.15,23.6
44.63,11.3
44.97,11.87
7.87,10.83
10.9,9.07
39.33,21.1
27.12,21.9
16.75,23.47
31.33,19.17
36.03,11.4
22.85,18.95
35.97,6.82
48.82,11.18
43.13,16.53
20.12,12.35
26,8.4
19.45,8.83
52.9,18.18
44.92,18.13
25.83,10.43
37.48,20.63
15.12,19.68
33.65,15.62
38.58,15.48
30.15,15.97
40.92,18.38
34.58,6.92
49.85,12.38
28.57,15.12
44.43,12.95
37.2,13.87
2.52,18.68
25.68,19.83
8.83,13.45
3.57,17.43
36.03,5.78
30.9,8.8
40.82,7.62
8.28,20.8
44.93,16.73
19.58,13.1
16.233,20.317
18.87,12.22
5.9,24.45
31.73,7.07
30.33,17.47
27.95,17.32
39.87,16.55
34.98,18.27
10.3,24.47
43.78,10.43
24.63,24.5
27.02,14.97
39.63,23.07
27.92,24.35
3.78,14.12
28.8,15.25
6.53,12.52
19.87,17.77
45.92,18.37
29.07,15.32
49.35,19.68
4.108,23.824
43.08,11.1
27.97,17.08
21.73,19.75
47.32,18.58
1.73,16.97
1.13,18.85
28.85,8.4
2.37,22.32
45,18.05
10.93,11.22
24.95,16.65
29.25,15.65
37.57,22.97
17.93,13.27
11.367,18.617
42.35,12.43
50.6,15.4
35.32,11.35
57.55,23.1
55.75,20.77
38.87,8.92
32.77,19.22
40.7,13.28
4.7,15.53
19.967,18.733
41.02,12.93
27.48,16.48
5.25,18.033
35.73,19.42
35.85,8.52
48,11.82
43.82,17.35
19.15,16.52
14.867,23.25
38.32,16.22
32,17.82
32.75,19.73
23,21.15
27,4.92
25.27,12.68
47.65,19.18
41.52,20.87
8.68,21.28
37.22,13.07
34.2,10.48
11.6,24.6
41.8,16.4
44.43,10.4
10.7,21.55
42.67,15.2
25.25,10.47
54.4,18.78
7.65,10.6
37.67,7
40.15,14.83
46.25,13.55
23.23,23.33
21.22,12.63
13.967,15.133
23.68,20.78
47.1,14.47
33.08,7.77
34.95,21.02
47.25,15.95
51.87,19.2
26.98,11.57
29.07,8.13
12.6,22.58
26.15,17.38
3.22,18.43
44.92,14.17
54.63,21.23
44.73,12.35
50.63,19.15
34.42,10.83
17.17,21.3
29.15,6.62
29.35,14.88
24.38,6.97
51.33,16.4
13.983,18.817
14.52,18.7
27.95,23.07
43.45,14.73
36.1,22.35
34.75,21.8
5.68,23.63
20.68,15.82
14.97,20.3
37.12,21.52
41.98,13.62
41.68,10.05
20.78,15.13
7.096,22.009
47.43,14.67
37.48,13.78
8.68,12.92
32.12,12.78
22.93,11.15
44.3,10.22
17.9,13.83
11.83,13.73
42.95,11.57
27.03,4.58
54.02,21.45
31.78,17.48
25.7,5.38
27.07,24.87
43.63,17.23
13.65,22.12
11.75,20.45
20.83,14.72
31.33,12.82
6.82,13.05
33.12,15.85
6.296,21.633
19.1,13.18
28.15,9.82
46.27,17.37
27.52,15.63
35.45,14.53
41.2,16.5
47.08,16.95
51.12,18.25
50.42,18.62
35.22,24.2
29.57,16.1
10.58,17.57
27.18,11.35
17.05,13.92
39.45,16
28.52,13.53
38.87,12.57
6.98,13.62
13.82,11.72
3.3,13.88
40.88,18.95
38.62,16.87
31.82,20.2
43.73,12.55
2.35,19.174
40.87,21.48
8.77,11.73
33.48,10.05
28.27,17.1
18.483,20.85
8.37,23.22
34.77,6.22
7.77,9.98
28.98,14.62
40.97,17.32
12.48,23.35
32.25,18.75
43.4,10.37
39.2,20.13
42.57,14.68
49.38,16.1
45.88,15.55
7.55,21.12
32.48,9.2
6.43,15.53
48.7,16.67
40.63,13.8
31.38,20.22
27.8,8.68
46,16.97
26.55,8.17
24.93,15.05
41.1,21.62
21.02,9.75
42.83,17.9
31.07,17.05
26.28,10.03
41.68,6.98
35.6,15.27
34.5,17.88
30.83,12.2
6.87,22.15
44.12,13.15
14.75,18.7
29.48,11.23
27.92,12.6
19.92,11.08
10.267,23.017
44.85,16.6
5.77,15.15
44.78,8.83
13.35,20.7
4.6,17.65
13.78,11.32
29.92,8.83
17.43,9.9
51.75,21.35
43.88,11.08
39.75,14.73
15.23,22.9
44.32,12.58
36.17,6.75
33.27,13.03
7.63,22
46.28,18.72
5.42,18.3
33.08,12.03
22.6,22.55
20.35,16.87
16.3,22.08
26.68,2.83
22.22,9.7
26.9,19.27
13.72,18.58
1.18,19.57
19.87,15.92
38,14.42
4.52,15.72
39.67,7.5
31.9,8.8
35.3,13.05
32.48,18.87
46.03,14.3
15.58,10.28
11.583,20.067
29.3,12.6
21.63,12.27
43.1,19.4
49.68,17.7
18.038,14.164
39.02,15.28
27.98,16.78
31.2,8.98
9.67,23.95
33.37,14.28
9.52,10
32.98,20.15
32.02,11.1
43.75,12.93
31.73,11.93
34.5,7
28.25,16.3
35.58,13.12
28.83,18.28
27.77,16.23
54.53,19.05
29.58,5.43
30.72,19.87
32.28,7.58
51.33,21.2
34.35,17.63
2.6,23.17
37.03,17.18
44.23,9.82
8.38,15.23
37.72,10.13
14.533,10.817
37.32,19.47
38.33,8.92
25.53,6.12
35.33,10.88
23.02,20.75
8.87,10.32
51.25,21.3
35.87,21.63
3.28,14.32
42.23,11.03
38.28,9.13
40.47,19.43
29.92,15.52
38.98,13.07
21.12,21.95
25.02,11.17
3.412,19.9
35.88,6.92
40.42,17.62
7.45,22.133
5.3,15.633
18.942,15.748
24.3,15.52
29.17,12.62
18.33,23.15
34.1,18.93
18.383,17.567
17.97,15.32
36.42,22.35
18.77,13.93
53.52,18.88
29.83,6.42
29.32,15.5
28.13,7.03
23.3,11.98
35.65,8.43
42.02,10.97
31.9,17.98
29.13,18.98
25.63,16.93
41.18,6.83
29.37,21.47
37.98,14.32
22.08,19.88
35.63,17.68
14.283,23.033
16.383,19.483
19.28,17.18
21.52,14.58
26.82,14.1
24.27,24.27
17.18,9
18.15,11.48
36.45,18.65
50.58,18.97
26.53,21.9
42.53,13.33
37.7,13.33
50.32,17.85
25.37,17.87
25.87,8.88
38.75,11.9
19.3,10.97
53.87,20.73
23.88,17.67
7.17,10.25
27.57,6.67
50.05,19.12
31.35,18.95
43.52,9.92
13.2,14.75
4.4667,24.183
38.7,16.08
35.15,21.98
23.72,10.1
47.65,13.98
25.62,7.95
30.6,7.15
33.55,15.25
24.02,16.07
1.1,19.38
10,22.55
32.68,21.22
11.02,13.8
6.83,17.97
9.25,25.15
5.417,15.45
32.55,21.73
28.33,8.05
12.82,13.32
25.27,10.88
10.35,17.333
22.22,11.57
21.28,22.82
24.67,23.97
27.53,17.32
4.72,13.05
28.42,8.47
29.43,6.83
1.43,20.2
34.58,15.43
3.85,20.13
21.82,9.28
44.68,10.58
47.78,18.48
40.35,18.08
32.97,14.8
47.08,15.35
20.08,21.5
29,15.97
3.08,14.95
45.45,3.13
21.67,18.1
36.7,12.77
42.63,9
31.47,18.28
40.47,9.72
11.55,16.45
34.05,15.75
32.98,15.08
7.38,20.37
12.68,10.92
50,11.72
28.4,5.75
48.18,16.72
34.18,17.73
56.02,20.5
36.03,14.12
10.33,18
24.63,13.5
28.78,10.53
29.92,14.53
44.47,14.9
26.05,11.58
32.75,9.67
9.13,9.72
53.82,18.3
31.13,9.9
49.87,14.67
32.27,21.77
38.25,14.95
17.68,14.4
13.4,12.5
5.13,22.88
15.45,21.867
43.93,10.73
18.367,20.083
24.88,19.75
53.25,17.4
34.03,16.6
30.82,13.78
45.05,11.42
35.73,20.85
41.93,15.65
52.67,20.63
30.62,10.83
35.18,17.4
41.35,18.17
40.07,15.8
35.85,12.87
45.38,18.08
50.12,18.52
32.18,14.7
42.82,15.92
39.93,11.02
3.98,15.95
36.65,6.85
23.03,17.3
43.63,14.98
25.5,13.3
26.48,20.52
36.47,15.83
33.7,7.93
26.78,18.23
28.77,17.4
36.47,20.82
45.1,13.12
28.38,9.82
31.52,14.65
25.45,8.95
36.5,7.08
16.52,14.27
29.27,14.27
49.47,18.53
18.938,15.525
37.78,11.75
49.97,14.82
16.1,23.5
5.37,16.27
8.017,18.2
3.33,19.82
7.07,14.3
52.42,17.62
11.67,18.68
43.95,11.58
27.9,19.05
44.92,4.55
33.28,13.6
25.33,9.58
29.88,8.2
34.18,11.73
13.78,23.92
50.6,16.6
16.2,8.45
3.605,20.885
47,17.1
3.25,16.95
20.38,17.6
24.33,13.32
42.97,13.98
9.833,18.217
52.45,20.35
26.58,8.55
34.53,9.83
34.17,7.22
46.32,17.23
39.35,9.65
2.2,19.4
35.18,8.42
7.983,18.1
44.12,17.37
25.3,11.68
48.07,14.22
17.17,19.47
34.5,15.9
44.55,11.47
46.15,12.52
25.27,14.52
5.2,12.6
26.97,9.53
21.15,9.93
15.317,21.667
3.3,21.17
14.667,17.25
5.38,22.97
55.2,21.27
54.93,20.15
50.32,16.33
46.05,15.6
30.27,15.07
51.5,18.78
33.5,16.15
8.25,10.98
38.45,12.57
45.73,18.35
24.82,25.07
41.78,16.82
33.88,13.63
8.2,10.42
27.58,10.82
34.23,20.32
14.28,14.73
45.15,11.22
46.63,12.67
44.02,6.2
2.35,20.18
17.02,22.25
15.017,21.167
49.35,12.77
29.47,13.83
4.75,15.18
29.5,21.38
28.9,13.75
30.37,19.83
39.12,18.58
19.008,15.538
3.03,15.82
30.42,19.33
13.95,16.53
9.17,22.48
13.52,11.22
5.18,23.737
15.62,21.47
25.68,9.23
3.575,21.045
31.03,16.5
33.07,9.75
18.017,21.233
13.033,22.25
28.1,5.95
27.82,22.23
13.45,15.7
44.4,15.65
45.73,10.1
27.83,11.18
48.25,11.28
14.267,16.317
29.8,14.7
41,10.77
5.08,16.25
47.28,18.27
7.75,10.55
36.92,10.97
32.25,18.6
9.6,18.23
30.83,7.77
14.733,19.267
32.25,18.48
43.18,5.07
23.7,22.62
31.58,20.75
38.55,9.85
53.35,18.8
5.9,19
42.3,14.37
17.3,13.15
50.07,20.25
31.27,19.83
16.25,10.58
34.25,22.25
42.23,13.27
2.18,19.67
12.33,24.9
51.95,19.07
30.93,9.97
42.12,10.67
17.58,20.42
5.35,23.85
33.38,7.4
14.1,13.37
35.72,13.07
5.257,23.684
45.4,15.92
27.18,4.93
43.83,12.68
18.08,16.48
47.37,19.43
47,14
37.37,17.2
20.35,13.659
23.15,24.77
10.53,21.17
38.83,18.05
18.283,17.5
13.7,11.517
28.27,16.02
27.4,15.5
43.75,16.82
38.63,22.78
35.13,18.72
30.63,16.22
5.13,11.38
2.85,23.82
42.68,10.57
40.2,14.48
25.27,20.83
42.43,10.32
32.88,7.27
53.42,18.57
27.65,24.05
27.4,5.58
11.78,18.98
26.35,23.6
10.68,19
23.7,22.82
53.15,19.52
28.1,18.28
22.05,15.73
28.28,23.25
2,19.48
27.68,15.47
41.17,10.78
40.92,8.05
41.22,15.12
12.817,14.2
13.917,18.35
3.58,14.97
4.87,12.08
25.05,17.12
34.52,7.55
46.12,14.23
33.35,17.78
24.98,9.7
4.62,16.58
44.35,8.58
43.68,12.62
29.37,10.05
28.87,11.93
45.95,18.62
32.13,14.07
24.75,12.85
33.75,18.32
53.2,18.73
28.52,16
34.75,20.4
9.17,10.1
27.88,8.38
29.25,11.88
14.33,24.23
11.48,19.75
29.2,17.5
47.58,11.78
36.83,7.43
37.97,14.8
35.35,9.95
28.17,5.12
29.48,15.75
29.67,14.55
34.58,12.72
36.52,18.95
16.4,10.25
36.88,13.88
14.6,17.133
28,17.63
27.97,19.68
48.68,17.22
7.1,10.52
36.58,16.6
41.37,16.22
33.5,8.97
32.57,19.23
9.55,9.2
45.67,11.15
12.13,14.93
42.8,7.48
13.37,18.15
39.42,13.35
18.78,14.88
1.62,23.42
7.4,10.6
37.85,13.62
23.63,23.73
3.87,25.1
20.38,9.8
19.981,16.657
30.2,13.92
44.35,11.15
12.98,24.47
8.72,24.8
41.08,10.27
49.68,16.43
45.67,10.75
35.75,10.85
49.22,13.87
31.13,10.88
18.07,19.28
32.43,13.12
26.33,16.53
45.93,11.38
36.97,16.48
28.42,20.82
9.23,21.87
41.32,9
34.73,13.03
21.27,19.7
5.03,13.73
31.87,11.33
28.22,15.62
36.35,23.28
16.3,21.63
23.15,12.33
1.73,23.42
36.83,12.73
3.72,23.75
36.92,19.9
25.1,25.28
38.02,14.48
34.98,10.65
25.65,13.17
26.37,8.82
49.9,19.67
51.73,19.48
7.73,12.1
35.58,13.05
46.63,17
28.95,16.98
33.57,13.43
4.6,23.63
1.83,23.1
36.02,9.18
53.87,18.85
27.28,18.4
28.87,11.23
7.52,10.43
28.63,7.77
49.72,14.93
26.63,17.48
51.62,17.97
3.743,19.676
39.63,15.65
28.68,19.1
55.33,20.55
4.28,15.68
41.03,8.77
14,11.82
21.8,14.67
3.13,23.7
41.17,17.73
6.702,21.725
42.12,6.98
30.27,9.4
12.6,19.98
14.67,22.97
29.13,17.62
43.52,10.95
26.42,16.52
35.37,11.58
42.32,18.75
35.53,9.08
28.15,7.88
34.37,15.82
24.22,21.07
17.68,23.05
3.58,23.83
22.05,23.42
6.05,10.93
24.17,16.87
56.85,22.1
9.38,10.08
37.4,16.75
21.77,20.45
44.17,7.6
22.6,22.77
30.97,15.57
22.82,10.68
9.25,22.95
27.63,8.6
50.98,16.72
28.75,23.35
31.52,16.7
25.75,20.82
28.32,13.27
23.37,16.07
40.32,23.05
27.33,2.65
20.22,21.55
13.97,15.8
45.52,9.35
14.3,24.52
25.23,18.35
28.72,17.53
27.22,9.27
3,14.4
26.73,15.73
46.6,14.12
31.22,15.33
21.33,20.3
20.58,23.22
26.58,16.55
18.65,23.77
43.32,11.87
38.27,18
36.02,7.87
20.28,16.45
10.63,11.92
44.3,5.25
34.77,13.58
43.7,17.85
21.77,5.7
5.85,13.72
33.55,13.77
29.85,6.83
15.68,13.6
6.933,19.133
48.1,17.58
8.73,9.33
37.33,11.25
26.22,15.32
36.93,22.5
10.317,22.15
23.62,11.43
18.93,11.5
34.32,20.75
6.3,12.23
44.27,9.95
30.67,15.52
14.52,20.23
15.983,21.233
24.25,23.57
43.38,6.7
52.93,20.55
9.83,19.58
27.1,11.07
8.02,24.08
21.05,14.73
3.295,22.643
13.62,23.95
26.28,15.88
14.65,9.5
30.78,17.7
26.57,20.97
28.35,7.9
9.95,20.53
17.58,20.47
43.47,5.12
19.67,15.45
1.65,21.67
52.65,17.85
22.82,16.57
3.02,22.22
27.27,19.53
34.45,19.23
37.68,13.57
51.82,19.78
1.95,20.1
41.7,10.75
8.07,10.68
33.33,13.22
9.517,18.233
14.25,23.017
29.47,10.88
14.27,17.1
45.83,15.25
13.867,15.217
41.75,9.57
43.37,10.12
43.77,4.93
42.9,9.87
7.75,17.35
52.83,18
17.5,20.83
33.83,6.4
11.65,21.63
3.02,16.33
25.93,13.28
4.95,20.25
2.2,21.77
26.58,17.73
20.78,20.38
50.6,16.82
49.25,16.82
10.02,11.92
23.82,24.77
19.47,10.72
32.62,22.47
38.05,15.18
21.65,11.08
16.45,9.18
3.338,20.109
16.57,20.5
34.05,9.68
19.98,10
38.83,22.12
25.38,7.25
3.693,20.871
41.18,22.92
40.67,16.33
14.1,20.52
32.45,8.57
25.8,5.67
48.9,12.32
13.58,14.32
28.22,7.15
9.467,24.75
34.97,20.17
40.13,18.1
33,21.02
2.9,22.13
29.58,5.15
5.78,15.6
5.55,22.77
12.767,24.367
4.7,13.93
14.183,19.4
31.02,21.1
37.55,13.35
8.87,20.12
27.9,16
39.88,13.23
23.53,8.47
31.98,15.43
36,23.03
32.35,19.2
41.32,14.65
31.75,19.38
13.25,10.05
43,11.88
34.97,12.88
24.43,16.8
26.43,23.97
15.8,14.6
6.054,21.555
29.93,20.68
13.9,16.77
41.12,10.92
6.58,13.18
3.62,14.32
16.17,24
2.92,18.17
9,19.05
13.933,17.05
57.72,22.65
20.4,12.1
40.58,15.23
1.98,22.83
16.27,19.82
41.42,15.23
1.77,15.95
37.45,19.68
16.82,13.22
42.03,16.35
30.93,18.85
36.55,10.6
34.43,21.68
7.68,10.45
51.55,16.9
5.32,15.88
38.52,7.57
7.4,17.12
10.9,14.77
12.22,18.75
44.5,5.63
42.25,11.97
40.05,12.4
42.02,21.52
47.92,16.38
5.32,15.77
33.03,23.15
42.95,9.68
29.07,17.88
6.78,22.95
47.03,19.2
17.7,21.25
27.82,13.25
13.633,17.833
27.5,8.97
25.8,8.58
46.92,12.23
9.317,24.5
13.8,16.5
33.48,8.98
3.25,23.88
38.37,10.67
27.23,12.08
15.75,24.95
28.08,6.48
22.45,20.6
18.45,16.68
14.13,11.2
7.68,10.58
35.17,15.2
30.08,7.77
49.52,16.83
36.17,19.07
2.7,18.05
34.32,8.4
40.28,11.37
33.75,19.3
3.463,20.972
27.28,4.92
3.284,18.856
35.47,12.12
3.846,22.072
42.75,17.17
54.83,20.52
4.27,20.52
5.712,25.105
4.7,11.82
14.6,24.95
11.2,19
3.63,13.05
41.2,9.97
54.63,18.23
20.72,16.43
25.32,6.78
36,7.3
28.38,18.62
31.87,9.35
45.98,9.9
44.68,13.82
30.93,15.95
37.75,9.7
40.95,19.23
27.73,9.22
22.12,8.63
33.63,20.78
15.28,25.43
14.6,8.68
15.733,20.383
21.35,21.38
13.12,11.02
42.83,10.95
31.65,11.03
33.53,18.1
24.53,20.03
28.45,12.57
46.65,17.63
13.733,17.85
47.63,10.77
46.27,15.23
31.67,21.62
7.92,19.28
4.87,23.801
6.6,20.87
14.633,10.267
51.93,19.3
42.15,6.12
3.321,18.89
18.08,25.23
26.83,6.25
42.32,6.55
35.63,9.95
34.2,20.22
13.77,16.9
54.6,19.6
45.2,15.72
44.18,14.65
41.88,17.5
30.48,23.35
34.78,19.9
30.43,20.32
8.83,10.2
34.62,21.42
33.83,8.55
28.75,4.72
26.18,16.88
55.9,21
31.18,22.28
29.38,19.88
18.95,22.33
36.8,20.32
42.68,15.1
24.87,19.03
9.28,12.42
15.8,19.95
40.58,16.62
25.17,16.98
41.62,14.35
24.9,16.8
50.1,18.73
34.28,9.57
32.17,18.87
18.73,10.88
41.53,14.87
30.97,9.13
12.567,20.917
41.77,7.63
36.48,6.87
33.28,11.28
34.42,6.87
10.37,17.25
29.48,12.18
29.72,13.98
6.38,10.63
39.8,10.27
46.4,18.3
3.02,14.42
7.33,11.18
31.45,6.53
28.58,10.95
22.87,19.13
4.13,14.15
46.05,14.43
18.483,20.333
36.97,11.62
2.43,21.93
11.933,18.767
44.33,15.85
34.22,16.13
23.52,21.47
43.2,12.1
36.35,14.43
7.1,22.5
2.25,22.72
50.02,18.98
49.23,18.53
33.35,8.12
36.42,9.22
20.85,16.87
11.45,23.77
26.08,20.97
38.25,15.32
25.8,9.62
41.33,7.68
15.633,21.183
13.08,19.32
42.15,19.93
43.2,11.3
1.38,17.25
28.1,12.33
43.98,15.72
41.83,20.92
36.32,13.92
32.68,11.25
39.25,20.67
23.67,8.75
30.02,16.3
35.7,20.83
38.8,17.22
55.37,18.5
44.78,15.13
27.58,18.52
36.53,10.35
41.4,16.73
19.2,14.12
12.133,20.867
29.7,14.87
33.47,11.4
29.68,10.77
45.42,13.53
17.55,13.28
50.52,20.33
2.78,20.37
34.73,11.18
41.9,13.72
53.47,20.52
35.88,16.28
30.15,18.95
3.18,18.67
52.33,20.4
48.47,19.5
42.73,5.87
51.93,19.8
9.7,20.42
28.82,20.02
5.92,13.95
14.62,10.55
13.6,17.7
13.72,16.15
5.87,10.87
4.77,19.4
26.23,16.18
52.07,18.1
27.72,12.55
34.6,17.55
28.28,7.23
39.17,17.2
2.2,15.87
9.77,17.28
20.2,16.4
16.67,9.77
38.8,10.02
24.58,16.97
14.45,10.83
24.3,10.1
15.88,17
27.37,23.1
40.57,18.08
41.83,18.75
18.8,15.82
30.87,10.6
28.88,9
50.23,18.07
31.45,20.1
46.9,18.42
56.17,21.62
48.8,16.37
32.52,15.2
15.533,19.7
4.83,24.8
30.7,13.62
37.93,15.45
46.1,18.27
19.35,15.83
35.88,10.43
13.033,23.283
39.72,9.72
9.77,18.12
12.733,23.9
15.02,18.25
52.45,17.42
34.58,7.25
50.32,15.95
2.48,20.23
43.57,7.65
22.13,22.32
35.38,17.9
34.15,21.88
41.08,20.33
3.33,21.059
29.82,25.3
8.4333,15.75
37.53,8.68
46.75,18.13
36.52,16.08
48.3,16.38
44.2,3.63
28.92,21.65
31.18,13.32
56.53,23.53
11.5,24.83
13.97,23.45
42.98,13.42
27.07,16.33
2.15,23.45
36.98,9.7
53.9,20.2
39.43,18.43
39.7,17.68
37.33,6.83
27.38,6.9
29.05,13.57
17.42,9
15.92,20.02
22.35,23.77
8.18,23.68
41.3,15.8
27.25,22.18
12.117,21.433
40.58,16.88
2.8,25.45
39.37,8.88
13.967,15.467
17.8,8.72
31.18,11.78
29.25,16.07
26.77,16.23
40.68,14.68
3.97,14.25
38.57,11.25
50.97,15.9
48.68,19.35
21.57,23.37
5.2,23.88
14.83,9.02
37.77,7.33
15.3,22.22
25.63,23.3
20.23,16.08
33.15,19
29.72,15.08
27.63,25.38
24.42,23.9
33.57,6.65
3.07,20.85
16.62,15.15
4.4,25.17
3.02,16.03
8.45,9.05
48.02,11.67
42.37,11.77
14.433,20.95
41.8,13.23
17.77,15.97
41.02,17.02
5.8,25
42.38,9.27
18.93,17.63
40.63,16.03
28.8,15
13.95,18.5
17.72,18.95
19.78,12.03
51.12,18.77
14.62,19.33
34.82,6.03
33.93,12.53
36.15,15.33
3.78,15.13
28.87,21.2
21.42,24.17
31.83,16.7
14.25,18.57
33.67,6.55
34.8,6.95
23.1,19.9
49.83,17
48.83,18.13
7.75,25.03
17.861,14.199
34.52,17.33
3.02,25.25
37.77,13.43
24.88,24.28
22.87,13.53
37.15,9.97
3.93,13.12
5.062,23.731
43.75,5.33
35.07,6.98
4.83,21.93
2.83,21.07
44.63,13.12
28.38,13.73
32.08,13.25
35.47,8.77
37.17,19.77
26.67,9.22
24.2,13.63
29.38,13
8.383,21.717
40.42,12.47
17.875,14.384
40.55,18.4
45.65,16.6
9.93,16.92
5.83,13.23
40.07,20.15
43.23,12.07
13.17,23.93
46.22,15.15
44.78,17.75
34.02,12.93
45.73,16.98
14.15,17.25
5.9,12.75
43.53,9.53
42.97,13.78
42.07,16.57
19.905,16.761
5.78,15.4
36.13,16.03
14.083,14.667
32.05,23.68
35.75,18.97
11.38,10.73
15.083,22.567
44.47,10.82
16.77,11.97
26.08,3.97
5.38,17.98
14.633,18.967
21.12,13.37
46.8,18.55
14.15,17.37
22.67,8.03
34.3,16.08
10.683,25.367
10.633,15.583
26.62,7.42
46.43,17.05
9.583,23.533
41.85,13.2
21.55,7.12
25.98,8.3
50.08,20.8
23.23,11
35.08,7.7
21.33,18.53
39.82,11.38
13.6,21.75
29.6,15
37.23,15.05
34.17,24.07
31.43,23.12
42.58,17.27
35.8,9.78
10.78,19.37
29.12,8.9
37.83,8.1
56.88,21.35
32.63,23.45
42.18,13.62
35.45,20.5
42.08,8.72
43.73,10.25
3.53,13.43
13.28,14.62
9.767,23.983
31.22,14.72
40.78,11.22
50.22,19.07
34.35,6.15
2.35,15.6
45.68,16.85
24.57,12.02
28.12,18.43
46.18,16.25
9.33,20.02
27.52,16.35
53.9,19.28
30.17,5.65
31.63,11.55
11.15,19.38
28.8,16.75
36.15,22.32
46.25,16.78
47.9,13.78
37.92,9.45
36.22,19.58
12.28,13.65
37.05,23.62
11.88,13.8
35.85,9.17
29.53,17.82
48.77,18.23
45.25,14.25
49.25,11.43
52.95,18.65
29.75,6.9
45.03,13.77
49.13,18.2
44.43,9.32
36.92,9.98
39.35,13.2
39.07,13.4
25.13,16.07
47.53,10.45
15.75,20.833
45.92,15.93
45.82,10.3
37.6,21.83
30.6,11.6
49.5,16.25
20.5,11.63
38.75,14.62
20.85,15.13
35.7,8.07
50.12,21.18
37.27,17.85
24.68,13.27
23.15,11.27
7.9,11.82
35.18,6.95
9.45,18.15
47.57,12.73
42.38,17.57
44.35,18.03
31.3,11.67
17.168,14.868
26.12,8.28
8.53,20.47
16.633,19.033
30.97,6.23
11.52,24.33
9.75,23.08
35.78,15.95
54.22,21.32
10.733,19.933
7,16.52
25.38,15.1
28.25,8.95
7.68,10.53
44.68,16.12
14.6,8.73
28.43,15.35
53.48,17.98
18.65,16.6
47.75,14.08
51.2,17.2
10.23,19.38
26.45,5.33
1.8,20.85
29.37,5.68
47.6,18.57
12.217,24.75
28.85,6.98
2.1,20.95
11.28,24.75
37.4,20.48
38.15,14.4
53.1,20.43
17.67,13.73
29.93,6.55
53.2,18.92
22.95,8.18
40.38,17.25
32.75,15.88
25.67,24.2
28.2,9.27
32.65,12.85
13.63,20.02
6.22,12.05
14.583,21.95
43.05,12.97
46.5,11.98
8.97,16.35
35.43,6.98
38.03,7.98
9.43,21.35
9.17,19.7
25.27,22.37
16.283,19.1
28.6,17.07
29.28,16.32
22.75,23.33
3.07,14.05
2.83,18.67
50.12,20.33
23.18,6.58
41.98,6.53
12.55,19.12
44.7,9.13
30.68,16.8
41.42,7.98
38.62,17.88
41.23,9.32
37.07,6.85
29.92,19.53
35.03,7.38
11.93,20.15
19.663,16.982
26.18,11.62
49.53,20.45
7.12,11.15
43.23,7.7
9.3,21.217
29.17,16.92
44.12,12.22
32.13,10.73
29.05,16.7
37,7.6
43.15,9.45
3.12,13.92
7.13,22.4
32,18.93
7.48,19.95
16.48,18.05
42,12.32
44.05,6.17
21.05,22.87
15.8,24.25
50.68,15.72
31.73,21.98
11.283,21.3
34.63,6.68
22.9,25.02
9.43,16.87
49.22,16.28
46.77,12.32
25.87,17.87
27.93,16.28
12.533,24.583
35.12,19.65
51.15,17.35
29.53,19.43
41.07,16.67
7,21.641
16.85,8.8
6.5,12.63
27.02,19.52
39.82,14.63
34.38,7.03
36.28,12.05
38.67,11.15
2.95,21.8
13.48,21.52
40.35,21.18
26.75,18.5
2.58,19.82
8.47,14.52
41.68,20.07
28.8,9.9
6.65,23.18
14.717,20.583
38.85,10.13
24.18,8.55
29.25,15.27
39.27,18.85
32,13.52
8.58,9.27
55.67,21.25
4.5,25.18
19.23,15.53
13.27,18.62
19.95,16.1
18.35,18.25
14.27,10.57
24.68,8.83
39.35,11.8
13.12,18.17
45.18,17.87
40.3,10.47
51.25,17.28
28.68,18.72
6.93,23.2
34.67,7.92
26.3,6.25
22.05,20.52
53.37,19.2
39.58,10.73
28.57,7.3
55.4,21.13
9.217,23.4
3.4,21.9
43.68,16.7
29.25,19.65
12.4,23.12
26.05,16.58
7.6,12.58
12.83,9.4
13.25,16.98
20.47,17.03
26.95,8.35
5.633,15.767
38.58,7.88
50.35,16.97
30.23,9.97
38.23,8.48
23.47,12.8
17.5,13.68
32.97,7.25
19.267,17.917
20.7,7.48
48.42,18.48
6.62,21.57
28.78,14.87
26.08,5.77
8.58,23.18
26.85,20.9
43.5,17.83
14.42,15.53
2.73,21.95
14.883,20.65
19.233,19.183
42.38,17.05
40.15,9.98
32.33,6.57
40.53,15.87
50.35,19.53
40.57,10.53
33.05,20.37
28.9,14.48
32.3,17.45
5.08,11.12
11.783,22.7
20.58,15.83
30.32,9.78
5.5,15.15
47.2,11.97
6.55,24.4
11.283,20.283
43.7,3.68
47.28,14.32
29.15,12.28
2.55,15.17
3.35,21.73
35.12,6.23
14.07,22.4
47.17,13.78
23.97,24.9
4.03,22.13
12.6,16.65
47.23,12.55
38.05,16.52
51.2,19.5
34.07,21.32
25.75,7.37
29.27,9.18
43.63,11.35
37.65,18.43
38.92,8.28
52.18,18.4
19.6,13.62
39.32,19.62
35.93,21.37
46.2,14.18
3.693,21.878
37.35,21.73
