-1.3558
-0.46581
-0.46581
11.654
-4.5958
2.2342
4.6342
-5.0958
1.4042
1.6542
-7.7058
-6.9058
0.37419
-2.3058
4.2642
0.034191
2.3042
-5.7458
-3.9158
-0.17581
2.3742
-2.6358
-0.075809
-0.64581
0.43419
-1.8558
6.2042
-4.7958
1.6042
0.094191
-3.8258
-0.72581
-6.0958
-4.5958
-2.3058
-3.3658
2.6542
7.3042
-1.1858
-4.6558
0.0041915
5.1042
-1.4258
-0.56581
-7.2058
-1.4658
-0.62581
1.4742
-1.4158
-1.9458
-4.0358
-3.3358
-4.1158
3.0842
1.2342
-2.5058
7.6042
1.3142
-3.1558
-4.7458
-1.0758
17.164
3.9642
-1.7158
1.2542
0.98419
4.6242
0.68419
-2.6558
-0.035809
2.9742
3.3842
-6.3558
-4.7658
10.404
2.4142
0.91419
-4.3058
3.2742
0.45419
20.084
-3.1858
-4.2858
1.4242
-0.95581
1.7342
-1.3658
0.81419
-1.4058
-4.6458
-6.2458
0.024191
14.604
0.58419
-0.97581
-7.0658
-4.7858
-6.3658
2.6342
2.5542
3.7242
-4.5858
-0.77581
-0.74581
0.77419
-3.1958
1.4542
-2.4758
0.014191
5.1042
0.24419
-2.6858
-4.3258
15.444
-0.76581
2.6942
2.1642
1.2142
-5.8558
-4.0958
-1.6158
9.3642
0.95419
0.43419
1.7742
1.6242
-5.0258
-7.0658
-0.63581
1.1742
2.5642
9.0542
-6.7358
-0.46581
-1.1358
19.574
-5.1058
1.6342
1.1642
-1.6158
-1.8258
-4.0158
0.024191
-3.2158
-6.5458
3.2242
3.3542
2.0142
6.8342
0.77419
-7.0358
-3.5858
-0.98581
-4.0258
1.0742
-3.0958
-4.2058
0.47419
-7.8658
0.54419
-2.5658
-2.6958
-5.6058
-2.6858
6.1042
-1.0058
-4.3058
6.9742
1.7642
6.8842
3.7242
-0.81581
-0.19581
5.2842
0.46419
-0.64581
-8.4858
1.6242
0.96419
-7.8958
3.0442
5.9742
-2.0158
2.9942
-1.5258
6.6342
1.4942
3.4242
-4.4258
-6.4058
-4.4058
-0.24581
2.3442
2.7142
-1.0858
1.2442
0.97419
-5.3958
-7.3158
0.80419
-7.7658
5.4142
0.41419
-4.6158
-0.91581
-0.89581
-2.2058
3.1542
-1.7658
-1.5258
-2.8458
-0.23581
18.044
0.12419
0.32419
-6.2458
-0.0058085
7.0542
-3.0358
-3.5858
6.9842
0.52419
0.024191
1.0842
1.5842
-0.78581
-4.3358
-0.12581
2.6742
-0.92581
1.6542
8.7542
3.1342
-0.58581
-3.5258
0.11419
-4.6758
2.8842
-3.6158
0.36419
-5.5858
-1.7458
0.47419
4.2342
2.2642
7.1242
1.4942
-6.4458
-0.44581
6.4842
0.95419
3.4242
0.41419
5.5242
-0.94581
-3.7858
-6.6258
1.5842
8.0842
0.77419
-5.4858
0.71419
2.9042
1.2242
4.8942
4.0442
0.91419
-4.0358
3.7542
-0.88581
1.3642
-0.76581
-5.3158
-1.2358
3.8942
1.3842
6.7142
1.5642
-1.8058
0.16419
2.9142
-2.9058
-2.9858
5.9442
-4.0958
3.3442
-5.0858
0.22419
-4.2158
-6.8458
-0.33581
-5.9458
1.3742
-1.3958
0.70419
-0.23581
-5.8358
1.0842
-4.6558
-1.1358
-0.76581
-1.1358
-0.045809
8.2742
4.5642
0.43419
9.3842
0.10419
3.2342
-0.85581
1.8442
11.624
-0.50581
-0.80581
-4.7558
1.9342
3.3842
-0.48581
2.2642
-2.4658
0.80419
-2.9958
-1.8458
-0.57581
0.21419
-3.4558
5.0842
-3.2658
-1.5858
0.90419
6.7742
-5.3658
-6.2758
-7.4158
-3.0958
-3.7058
1.2042
-3.3058
-6.7458
-5.6958
-1.7458
2.8642
1.7342
6.1542
0.55419
0.51419
-7.2358
-7.0058
0.40419
-2.5258
-6.0958
1.3342
1.2742
5.8142
0.29419
4.9842
-2.7358
-3.3658
-3.7658
-2.3758
13.884
2.2242
0.64419
-2.3258
0.83419
-1.2858
-0.50581
-3.5358
-4.2358
12.614
-1.1258
-3.3558
-5.1158
-3.5058
8.7442
-7.2758
0.12419
1.3542
-1.8758
-1.4958
-4.1858
2.1342
3.2442
0.75419
3.6142
7.8342
-2.6158
-4.9858
-4.8258
4.5542
-3.8158
-7.3258
-0.70581
-0.77581
1.2542
-2.2058
-6.2858
-5.8458
-6.8458
-1.9558
0.17419
4.3342
0.70419
-4.9558
5.8342
-2.9258
1.1142
1.4342
0.044191
2.0842
7.1942
2.5242
4.0142
0.46419
4.7242
0.064191
7.8442
1.2242
2.6242
15.404
0.024191
-1.3258
4.6942
11.054
-0.39581
-4.4658
-0.75581
-3.3358
-1.2158
-1.0058
-1.3158
-1.7158
-5.4758
0.024191
-4.8758
4.0242
-0.39581
-0.76581
-6.3558
4.1042
-5.1058
3.2842
-2.7158
-3.7258
1.2842
-3.0158
0.53419
-5.9158
-0.83581
0.95419
10.064
-4.5758
-1.3758
1.4242
0.92419
-0.31581
0.094191
-2.9358
2.0342
-3.6658
-0.45581
0.11419
4.0942
-1.2358
4.0342
-4.4758
-0.68581
0.12419
-1.1758
-2.1258
2.5642
4.6442
1.2542
2.7242
-3.9258
-0.38581
5.7942
-7.0458
-4.4658
3.1342
8.5442
-1.3558
1.2542
0.75419
3.4642
0.90419
0.55419
5.2442
5.4242
0.83419
-0.015809
1.6842
-6.1858
4.9242
19.214
-1.0858
-5.8358
3.1042
3.2342
2.9842
-8.3058
-4.3758
2.7542
-1.9958
-0.47581
-4.3258
0.74419
2.5942
0.29419
0.63419
3.8242
8.6642
-1.1858
0.82419
1.5542
2.8842
5.7342
-5.7258
1.8542
3.3742
8.5442
11.744
-7.0958
-4.4758
-4.3758
0.22419
7.8742
3.1542
-0.55581
-3.4658
1.6942
-8.6158
1.2342
-5.7158
6.8842
1.1142
-3.2658
-1.8858
3.3542
0.41419
-0.57581
-1.4658
-0.29581
-0.095809
1.7542
4.1942
-5.8558
-1.3558
-2.7258
-8.7958
-3.0958
0.58419
2.4742
2.2042
8.0742
2.3242
-0.97581
3.7242
-4.9958
-2.7358
1.0042
16.504
-2.0058
-6.0358
-7.8958
-4.4758
0.24419
4.3042
-4.0658
-1.0958
0.14419
-5.4558
-3.0658
2.3642
3.8542
0.59419
-2.7958
-1.1858
3.3142
-0.99581
-3.6958
2.0142
2.3942
-6.0258
-4.1558
3.1642
-4.0858
-7.7158
-6.1258
-2.2058
-5.9658
-4.0858
0.60419
-4.1058
-3.5058
-1.3458
-2.5158
3.4342
-1.3958
-1.1558
-5.3058
0.034191
-1.0058
5.6642
1.1842
-1.2058
-5.1658
0.30419
-7.5258
3.9942
1.4842
-2.8258
-0.88581
-0.79581
-2.8258
-0.88581
-2.1458
-6.3158
-2.2658
2.8642
2.2442
-3.1058
-4.5158
-1.1358
-4.7558
2.0542
-0.37581
-5.0358
-4.8258
3.6242
-4.4058
1.6442
-0.31581
1.2542
-1.8658
-3.7658
1.5942
0.53419
-6.5758
1.7642
-1.1058
-2.2658
-7.9758
-5.5158
-1.3958
11.484
3.4742
0.054191
-3.7958
-2.9858
1.2642
-3.2758
-0.65581
2.1042
-4.8858
4.1942
-0.94581
1.7842
-8.3558
-7.8958
0.35419
2.9942
-3.8858
9.3942
-4.0058
2.9742
1.3442
2.2542
-2.4058
-1.0158
-0.14581
-4.7958
2.3042
-2.5458
-0.99581
7.5442
0.66419
3.7742
0.83419
-2.3958
7.7042
5.3342
-7.7458
2.4342
-2.6158
8.4242
-5.7258
12.664
0.61419
1.5942
-2.0758
-1.8158
0.77419
-0.36581
-5.3058
-2.8758
-6.6258
-1.9558
-3.0058
1.9842
-4.6958
1.8942
-0.75581
-0.94581
-4.5358
7.4842
4.2142
1.7342
11.554
1.8842
-2.9058
1.7942
2.5742
19.294
-6.3658
-3.7658
-1.7558
-1.3458
0.67419
0.38419
-1.6958
-4.6858
13.754
5.0142
2.5742
2.4742
-6.5958
-4.9358
0.67419
-0.85581
-6.9758
5.1242
1.6842
7.8942
1.0142
5.0342
-0.15581
1.0542
3.1342
-4.2158
7.0642
-1.3958
-2.2758
2.8042
-0.72581
2.5742
-1.9358
7.5042
6.1842
-0.31581
-2.9758
5.1742
-5.7758
4.8742
7.9842
-0.83581
-1.9358
-5.1958
-1.1058
0.72419
0.98419
-4.6258
3.4742
-4.9258
1.0142
1.8742
3.2242
-6.5358
-7.1758
2.7142
0.19419
-0.93581
-6.9558
0.28419
-5.5758
3.4142
2.0542
-1.8658
1.6442
7.1342
2.0942
-3.0358
0.55419
-2.5458
-7.1458
3.5942
-0.68581
-1.5458
-1.3558
-2.0158
0.034191
0.55419
3.1342
-0.44581
-4.2858
1.5142
-2.9258
-2.5258
12.454
2.6642
-1.4958
0.044191
1.9442
0.62419
5.6542
1.7242
1.0042
0.97419
-7.4158
-4.5658
7.4542
-2.8358
-0.84581
-3.6458
-6.3658
1.1542
-5.1058
1.2442
0.45419
4.2442
3.2242
-2.3258
-4.4858
1.4442
1.1642
-6.3758
-3.0258
6.8142
3.7042
-5.0358
-4.1258
2.3142
1.5042
-5.4058
-1.5258
-0.0058085
-1.0858
-6.7758
-0.88581
1.7642
5.9242
1.2542
3.6142
-5.9658
-3.2958
-4.9658
-3.9058
3.6342
5.9142
5.2042
6.7542
1.4542
4.2442
4.0742
-2.7858
-0.96581
2.3742
1.7642
2.2042
-1.2858
-2.0958
-0.085809
-5.2258
-5.4958
-2.0058
-1.8958
14.334
3.3142
6.1742
-3.5658
16.024
-4.3558
1.9042
4.8342
5.8842
-6.7858
-4.0058
7.3742
-0.38581
-1.5458
0.83419
-3.5958
-4.9158
5.3342
-2.6858
5.3242
4.8542
-5.1958
-1.2158
3.2542
7.5442
0.14419
0.63419
-0.94581
0.31419
-1.2058
5.1942
0.91419
-2.5358
2.6342
-4.3758
11.574
-4.4258
0.58419
4.5742
3.3542
4.4542
-0.10581
3.1942
2.1542
-1.2858
-3.7058
-3.4558
-0.33581
-3.1258
-4.9658
-2.9358
-1.9258
1.2542
-1.3358
-0.12581
-5.9258
5.1042
-5.9758
4.1342
-3.4158
-7.5658
-4.6358
0.93419
2.7842
5.1642
-6.5358
1.4842
-3.3658
-7.4558
0.88419
-1.5658
-5.2058
-0.60581
-7.4758
10.424
2.5242
0.56419
-5.6758
3.8142
2.3442
17.224
0.34419
1.6142
-2.5558
-5.0658
-3.7358
3.6442
3.2742
1.2442
1.5742
-7.1258
0.59419
2.4242
-6.7758
3.2442
0.29419
-1.5358
0.58419
0.20419
0.034191
3.9242
1.3342
-1.5658
1.9642
-5.3958
-4.8158
1.1342
1.6842
-6.0358
17.434
2.1842
0.074191
-5.6358
2.1742
-2.3658
-6.0358
3.7142
8.5442
2.8642
-5.7158
0.86419
3.0442
-0.38581
1.6542
5.4042
-3.8658
-6.9558
1.9642
0.95419
-4.7358
-1.7558
-7.2758
-2.0158
-2.5058
-2.3458
-1.5058
-3.2658
-6.2558
-1.7658
-2.0358
0.70419
1.1042
-4.8758
-4.8758
1.7042
-8.5558
0.024191
-0.77581
-2.6758
-2.6058
-1.2358
-2.9458
-4.3558
-2.9158
13.484
11.664
-6.1158
4.4342
5.9342
-3.5358
-2.9858
1.1842
0.92419
0.92419
4.0442
-0.57581
1.1742
-3.7658
-4.3358
4.4942
-0.73581
-0.065809
1.4342
-2.3258
-6.1758
3.9242
3.9042
-4.5658
-6.3558
2.0542
-6.2658
-0.62581
-0.63581
1.1142
-4.8158
7.2142
4.9642
24.194
1.2842
-6.8058
-3.3058
0.044191
-1.4758
0.064191
-5.0858
13.064
11.204
-6.7858
0.86419
26.534
-0.19581
-4.9858
-5.9858
4.5442
0.75419
-0.61581
-0.43581
-0.91581
-3.4158
1.7742
-2.8758
-8.8658
1.7542
1.6442
-8.0258
0.31419
-6.7158
2.0842
1.7042
-1.3658
-4.8158
2.2242
-6.7158
-1.5758
-4.4458
-4.3858
4.5042
0.65419
-0.96581
0.69419
-0.44581
3.4842
-2.0558
-1.6258
18.244
-0.27581
-0.41581
1.5142
1.0042
-7.1958
5.8342
5.7542
4.3242
-1.9358
-5.1858
3.4042
6.2842
0.78419
0.90419
-5.4858
-7.0558
3.6242
6.4142
3.6442
1.0142
-4.1058
-1.3858
8.8042
3.5342
1.4042
0.17419
-6.6458
12.634
1.0642
-2.1858
1.2642
-6.5758
2.4242
4.5342
4.3342
0.38419
-5.9558
-0.65581
-4.6258
2.7142
-2.8158
-2.4558
1.2442
3.1242
-2.0358
-5.7158
-3.8458
-3.6758
0.20419
-1.4258
1.7442
-1.1558
-1.6658
-0.95581
-7.0458
-2.1558
2.5042
4.8342
-2.1958
3.0342
3.3842
3.7442
1.9642
-1.2758
-5.2558
4.4442
6.1442
9.1442
1.2342
-0.20581
-7.7758
-1.6558
-7.4058
-3.9558
-4.0058
2.2442
0.024191
12.344
4.9942
0.87419
3.3842
10.214
0.34419
-6.5158
3.1242
-4.4258
2.7942
-1.7958
0.25419
0.0041915
2.9342
21.224
1.5542
-2.8058
12.904
-0.99581
-7.3158
0.19419
3.0342
0.61419
-0.055809
7.5742
-0.075809
-3.7958
6.3642
3.2742
-1.0058
8.4242
-1.0758
1.0742
-1.8258
3.6742
2.5142
-0.26581
-0.32581
-5.2358
0.67419
3.9342
-6.9658
0.65419
4.2142
11.164
3.8642
5.0942
5.3842
3.1942
0.85419
-4.4258
4.3342
-3.3058
-5.0658
0.53419
2.0842
7.7942
-4.7958
-0.62581
0.12419
1.1542
3.9042
-5.7958
1.0642
1.7842
2.7442
2.2442
1.5442
-0.58581
-4.6258
1.3242
2.1542
2.8242
-6.7358
0.18419
-2.2558
-3.8958
1.8942
-1.8658
-1.5358
0.68419
1.5742
-5.5558
-3.7358
-1.4658
1.9242
6.5342
-6.0958
-3.8858
4.6642
-0.21581
1.8642
7.8642
3.4442
-2.6258
-6.5958
2.0442
-1.4058
-1.6258
11.064
-0.52581
2.4542
3.5642
-4.9258
-2.4358
-0.56581
-0.26581
0.99419
3.0242
-2.2858
2.1242
-3.1758
-0.47581
-0.89581
-5.0858
-9.2558
0.92419
4.9542
-4.1258
-6.5558
-6.8758
0.30419
-2.9758
5.3542
-0.74581
-0.60581
-1.5458
-5.2858
-3.6958
-1.2758
0.80419
-1.4758
7.1042
-4.5258
-2.0758
2.1542
-2.6958
-0.26581
-1.1458
10.784
3.3942
1.2542
-1.4358
2.1442
2.8442
1.0842
-3.4858
35.194
5.2342
1.2042
-2.7558
-0.73581
-6.3058
-3.1258
-3.2958
2.3642
-1.0958
3.1042
-0.58581
0.044191
4.8742
-0.18581
-3.3558
1.0442
-5.2658
6.4342
12.604
-1.5658
0.65419
5.2742
0.30419
-2.3058
4.2342
5.8542
-0.57581
5.8542
-7.5358
1.4942
4.7442
5.2742
-4.0258
-4.8958
3.5542
-1.0358
3.0142
-2.7358
0.59419
-0.95581
-1.6558
-4.0458
5.0642
4.0242
1.1142
-1.4658
2.8942
-5.0458
5.8542
27.064
-1.2258
-0.34581
0.67419
1.7842
-5.1058
0.31419
13.114
-4.0658
0.024191
-2.1158
-1.4458
-1.3858
2.5042
-0.0058085
2.3542
1.1342
-5.5758
-5.5458
2.7742
-0.88581
1.6742
5.4442
2.5542
-5.7958
-1.2958
-2.5358
-0.68581
8.1742
2.6242
-0.045809
3.6842
-4.9258
-2.9458
2.4342
-5.8558
8.9042
0.63419
-3.6858
0.77419
-7.4758
0.79419
-5.0258
2.0242
8.8642
4.1742
-1.5458
1.2242
-0.30581
2.0742
1.6842
-2.0358
4.5542
-4.3758
-4.8358
5.2042
5.1242
-1.7558
-3.3958
-5.5058
-3.8358
-0.81581
7.8142
-0.16581
-2.2658
0.67419
-6.0658
-2.5758
3.0942
0.18419
-1.7558
22.354
3.7442
-6.9058
-1.4358
-4.4158
0.26419
-1.5358
-5.6858
-0.68581
-2.8458
2.3042
-5.7458
-2.9558
-2.6658
-8.4358
9.0242
-3.9158
-6.0658
1.7942
-5.3458
-2.8758
-6.6558
-3.6058
-5.1358
1.9142
-3.2258
-4.8258
-6.9358
0.28419
-1.4158
-4.5858
16.694
0.014191
-2.3958
3.2442
-3.3558
4.5542
-4.7758
4.6742
2.3242
-5.6458
0.93419
-1.0058
0.12419
2.9442
1.4942
-8.3158
-4.6158
0.83419
0.16419
-2.3458
-0.44581
1.1242
2.9742
-4.5858
2.8742
11.754
3.0342
5.2242
-5.3458
-6.0358
-1.5358
-3.4858
0.33419
-0.0058085
-0.94581
-3.2158
1.3842
-3.4258
3.6842
-4.3458
2.5442
5.4142
5.2542
1.1142
7.9342
23.114
1.7342
-2.3158
3.0742
13.614
-0.035809
-4.3358
4.2842
-5.9458
1.9442
7.2242
1.3242
0.094191
-0.55581
0.42419
11.054
-3.1158
-0.23581
-7.3558
-1.7058
-1.5958
-3.6358
-3.6258
-0.56581
-1.7458
-7.1658
4.5642
-4.7458
-5.6758
5.3042
3.9042
2.4242
1.8242
-3.7558
-0.84581
-3.5458
0.72419
1.1042
6.4642
3.6542
3.3242
6.3542
-2.4458
3.6142
-4.4558
-3.7058
-4.4958
-0.67581
-3.6658
-4.5458
-4.1558
0.78419
2.3342
-3.3358
2.8242
-1.1058
1.5442
-3.8958
1.1442
-1.9958
-0.39581
4.9342
3.4042
4.8942
-0.73581
1.8542
-0.25581
-4.0858
-3.6558
0.74419
2.0642
-2.3258
0.14419
4.4342
-0.15581
0.68419
4.3842
-1.6458
8.4942
-0.10581
-4.9758
-4.6458
-5.4758
-6.4858
-7.9558
9.7142
-0.29581
-2.0158
-0.28581
-4.3358
15.464
-5.5458
-4.3058
-1.4558
-0.36581
-3.4658
-5.9058
-3.5858
-7.4258
1.7742
-0.23581
-2.8058
-2.8858
-0.51581
1.2342
4.7842
-0.29581
1.2542
11.724
-1.0758
-0.38581
10.534
-6.4558
2.2142
-4.7158
0.61419
-1.0658
-0.65581
-1.0058
-2.4658
-3.0658
0.73419
-6.6258
0.64419
-5.9858
-5.1458
3.1642
14.844
1.1542
-0.52581
2.4742
3.3542
-1.5758
-8.0958
-4.2258
-1.3158
-6.8258
0.94419
-1.7458
-8.0858
4.4842
2.3042
0.28419
2.8242
-4.1058
-0.95581
4.9342
3.1142
-2.7458
10.234
-3.7958
1.2342
-0.13581
-4.8758
-3.7458
-6.0858
-4.8458
4.2542
-5.4658
-5.8358
-2.2658
1.2442
4.3942
4.3242
4.4242
-5.6458
-7.4358
2.1042
-3.0758
-6.6758
5.6442
-0.23581
-7.1258
1.8042
-5.6458
-2.0558
0.40419
1.4342
6.6942
0.054191
1.0442
1.4842
-5.0558
-2.3958
3.7442
-1.1858
4.6542
-1.6858
-5.7058
-1.6258
0.30419
0.16419
3.9442
-2.9658
2.4142
-2.9458
0.96419
-5.5058
3.0142
-0.27581
-4.5958
-1.3558
-1.1058
-4.2958
-8.2258
0.84419
-0.20581
-1.6858
-1.3358
-6.3158
-0.82581
3.7842
-2.1258
0.97419
-6.0658
6.9742
-4.6458
-3.4258
-3.0458
4.5442
10.264
-0.90581
-8.3558
1.7942
-5.2158
-7.2258
3.3342
35.054
0.40419
-4.2258
-1.8058
-3.8758
-7.6858
2.9842
1.0242
-1.0958
-2.1158
2.8942
0.56419
-0.67581
-5.4358
4.2742
-1.7658
14.214
-0.52581
-1.7558
4.6242
0.26419
5.4442
-1.9158
1.8442
-4.0058
-2.0558
-0.67581
-0.12581
2.2542
-0.67581
-3.3658
-1.8458
1.4142
-0.51581
-4.6658
2.0042
-6.8158
8.3542
-8.9958
0.82419
3.0042
3.0142
4.2042
-1.9558
-4.3958
0.22419
1.3742
0.16419
-5.6058
-5.2158
6.2842
-6.4358
15.984
1.8942
0.40419
3.0242
-1.0458
2.5342
5.9342
-1.0958
2.2442
-8.2658
-0.84581
-3.3058
-1.9358
-0.30581
1.8742
0.20419
-0.89581
3.1042
-4.2358
1.8042
-3.3658
-7.8758
3.7542
-5.6958
-3.3658
-1.4458
-0.17581
-0.20581
-1.5358
12.054
12.124
-6.7858
-1.4358
-3.3458
-6.4358
2.0942
-0.23581
0.044191
6.0342
1.8342
-1.5758
1.0742
-0.84581
2.2242
1.1942
4.5842
-5.0658
1.5242
6.4042
1.5842
-2.1358
2.0742
-3.1058
11.404
-1.2058
10.164
-4.4958
-1.8258
0.26419
0.094191
-0.63581
2.8842
-2.9158
-3.4458
-4.1458
-3.9758
-5.7058
-0.64581
-0.91581
3.8142
-0.40581
0.73419
-6.8858
2.4642
18.444
5.3842
0.81419
-4.5158
0.67419
3.5742
-6.1058
2.7742
1.9042
-1.8458
-8.5258
-0.38581
3.1042
-2.7658
2.3542
-5.3858
13.584
-5.0158
-4.0458
1.0742
5.0642
-3.4658
5.2442
1.1242
4.8842
0.084191
13.654
-1.6258
2.8642
-7.2258
-1.8958
-6.0258
-0.51581
-4.2658
0.15419
-5.5358
-2.1958
-2.2958
-0.38581
-1.2158
0.53419
4.5342
8.2342
-1.3558
-4.8258
1.1142
-4.9258
-4.8058
-3.8058
-1.5658
4.6442
-7.4258
0.47419
-7.9358
-2.9158
-7.9658
-0.055809
-3.9158
0.49419
1.5142
-0.75581
-0.055809
0.92419
-1.0058
0.47419
3.1742
-6.5658
9.3742
0.90419
0.30419
0.67419
-1.0058
1.1142
-0.32581
-2.9858
-1.2858
0.24419
1.3942
-5.2958
2.5242
5.9142
-1.7558
-3.8358
-3.9958
-7.4858
-2.1758
-1.2358
1.2742
-2.3158
-1.5258
10.124
-1.5058
1.5842
-6.3058
-2.7758
-7.2958
0.80419
5.3342
-2.3258
-0.88581
-6.5958
6.0042
0.95419
2.0342
1.7542
-0.87581
1.8042
-6.5058
-3.2958
-1.0258
-3.0158
-5.8558
-4.4958
3.3942
2.6842
-3.9858
-0.49581
-1.3558
-3.7358
-5.4858
-5.3858
-7.9258
-6.8658
-2.3258
-1.8058
-2.1158
-5.9258
-4.0558
5.6142
0.35419
-0.56581
-1.0558
-5.5458
2.6142
-2.8658
-1.4358
-1.9458
-3.1558
-3.3558
-0.94581
-1.2558
1.5542
-3.9658
3.0842
0.93419
1.0942
13.654
-0.23581
2.8642
-0.23581
-4.7958
5.0242
-1.9558
0.0041915
-2.7458
-7.4258
4.1142
0.014191
-0.085809
6.0542
5.1542
23.284
6.9842
-0.025809
1.9342
-4.5058
0.58419
-3.4658
-1.3658
3.7842
3.9242
-3.0458
5.6642
2.2142
5.9942
9.6142
-0.22581
8.4042
-2.1358
-2.2858
-6.9558
-7.3258
-2.5358
7.9442
-0.99581
-2.7058
4.7242
-2.6858
6.7642
2.1042
-1.1258
-3.0758
-3.1458
6.4242
-4.1058
-1.9658
0.064191
-1.8058
-2.0658
1.4242
-0.74581
1.3642
-3.3058
-1.7658
-2.3358
-4.4558
2.2042
0.98419
-6.6258
9.0642
5.0642
-2.5458
-6.6358
-0.16581
-4.0958
-1.0458
-6.7158
-0.85581
7.1942
-1.0158
-4.3758
-5.4958
-2.1058
-1.3758
1.3942
0.12419
-6.8958
0.92419
-4.9158
-6.9258
1.1242
7.5542
3.6442
-1.1658
-1.2458
-3.4358
0.88419
2.0642
3.5642
-2.9258
9.8342
6.8942
3.7842
-7.5158
-3.8858
0.84419
-0.98581
0.39419
2.2242
0.70419
2.0642
7.5142
-3.4558
0.97419
1.4642
-1.7958
-4.6358
2.9342
1.9442
0.40419
-1.9658
15.514
-4.7358
0.78419
2.0042
1.3342
3.3042
3.0142
-6.3958
-4.0958
0.92419
-3.2858
-2.3758
4.1242
-2.0658
0.93419
2.4042
0.89419
4.9642
6.3942
-3.9158
-1.7858
0.41419
-4.9858
-1.3958
0.62419
1.2142
2.5642
1.0842
-0.81581
-1.3258
-5.4258
-0.065809
-5.3058
0.13419
4.9242
2.0842
0.064191
-1.4758
-1.5558
0.37419
0.45419
-4.5558
-6.3758
-2.5258
2.0242
2.5342
-2.8558
0.68419
4.1142
-5.9358
4.3242
5.2942
1.6042
-2.7458
1.7542
-3.2658
4.2442
-1.9058
-5.5258
5.6842
3.7342
-4.9958
-1.5458
0.064191
-4.8958
-2.3858
0.064191
1.5942
1.2242
-4.7058
1.3242
0.84419
7.8342
-1.8558
-4.4658
10.914
3.0542
-5.3958
14.724
3.4942
2.3642
-2.3858
-5.5758
2.7142
1.1342
-3.4358
-4.2358
-5.8358
-3.3658
-3.1758
0.29419
2.6942
1.5642
2.5642
-6.0358
0.49419
-1.2658
-6.3358
5.0442
-3.5958
4.9942
-5.5758
1.5142
4.6642
1.1242
0.23419
9.0542
-4.1058
-3.5158
0.22419
-3.6858
-0.17581
-3.6858
3.8242
-7.1458
-4.3258
-6.9958
-3.6858
-4.4958
-5.4158
-1.5558
2.2442
-1.3958
-4.2358
4.2942
-1.3058
0.79419
-1.2158
0.53419
2.5542
1.6742
-7.4458
3.6842
-6.3658
0.55419
1.9242
-3.7758
1.7442
0.31419
0.074191
-0.12581
-3.5858
-3.6858
-6.3658
-1.4758
0.88419
-3.7558
-3.7858
8.4742
-6.3358
-0.11581
-0.33581
0.65419
3.0842
-0.49581
-2.0558
-5.2258
-3.7758
2.0542
-1.4258
-1.6358
4.6642
-5.8358
1.5742
1.9342
-4.6758
1.7442
15.364
-1.0058
4.3842
-0.13581
-6.1858
1.9142
-0.72581
1.5442
-4.9758
0.12419
-2.4858
3.0342
21.374
-4.1558
3.0242
2.7242
-0.72581
0.27419
-0.81581
1.2242
1.7142
4.0442
-4.2358
0.87419
0.92419
2.4542
-4.6258
6.9442
20.254
0.93419
-0.15581
4.5842
-3.7658
1.1942
-3.3458
-6.6958
-1.1958
-6.5258
1.8142
17.324
-3.8958
1.4442
0.25419
0.67419
-0.41581
-0.38581
-0.27581
5.1542
-2.2858
-6.4358
-3.8858
-3.4758
-0.045809
-3.6258
6.1142
3.2742
-0.54581
6.9342
3.0742
6.4042
-6.9558
-3.5858
-5.1358
3.0842
13.254
1.5042
-6.9558
2.1442
-7.8958
5.7742
-3.1358
2.1142
-7.2958
-1.5058
-0.13581
-1.9258
5.1342
-1.4158
0.064191
-5.3658
0.26419
1.6242
0.94419
3.7142
-7.2858
-3.0758
0.89419
-2.8758
7.6242
-0.035809
-4.6658
-1.4758
0.71419
-3.5158
1.5242
4.0742
4.3842
-0.85581
-6.7158
-7.5058
-2.2958
-2.2658
-2.3358
-7.0758
5.8642
-6.6358
10.614
-2.5858
-5.8158
-1.7858
0.81419
3.0842
-2.0058
-4.6658
-7.5358
15.444
3.4042
-1.5758
2.0242
4.2842
-1.2858
-2.7158
10.664
-2.6058
3.1042
6.4942
-0.11581
-4.0558
-0.81581
1.1442
-4.9358
-5.2158
1.1442
-6.1658
1.4142
1.6342
3.4042
2.2842
-4.3258
3.0342
-6.8458
-7.6958
1.3942
0.49419
-1.1458
-5.7558
1.8842
-6.2058
5.8642
-1.3158
3.0042
-3.1258
0.24419
-1.5958
-5.4758
-0.42581
-4.5758
-6.2558
0.46419
-4.0458
0.21419
0.77419
-1.8658
-1.1558
-2.9758
-4.7258
-4.5658
6.6642
1.3642
-6.0358
3.0942
3.8142
1.9842
1.3342
-1.3258
-5.2458
-1.1758
8.5442
-3.2658
-6.3258
-1.7358
9.6442
-3.8658
-3.7258
-1.6558
-4.4958
3.6942
-5.7658
-4.5358
-1.0258
-3.3158
-1.8858
6.0442
-5.5958
3.8342
10.394
0.98419
-5.1158
0.56419
-3.6758
0.034191
-3.1658
-1.1958
5.5342
1.4442
2.2042
-0.24581
2.1242
-5.2058
0.39419
1.5042
4.1742
-0.37581
-4.8858
6.2742
-5.6258
-5.3758
-0.25581
-1.1858
-0.50581
-5.0958
-0.36581
4.6742
3.3642
2.0542
-4.4858
-2.4158
7.6942
-0.035809
-2.8658
-4.8558
-2.2658
-4.9458
4.8142
0.60419
4.0242
-4.5058
-7.3558
-1.1358
-5.7658
1.0242
-3.0558
3.4942
2.3642
5.2142
6.9542
5.7642
9.7942
-3.5358
5.7942
7.7742
-4.9058
0.80419
-2.8758
2.0642
-2.7658
-1.5358
-1.6658
1.9642
3.7542
31.184
-2.7358
-5.3658
13.484
-1.1858
1.4642
0.67419
-4.1858
14.844
1.7642
1.8342
-2.1158
14.234
-4.1458
-3.7158
-0.57581
0.48419
-0.67581
12.074
-5.3458
1.7842
0.81419
0.82419
-2.1758
-5.7658
-0.89581
0.27419
4.9642
0.95419
4.2342
0.12419
3.8342
0.63419
6.4842
-5.3358
-3.2058
8.5642
-5.3258
-5.4758
4.8142
0.25419
-0.12581
-0.10581
4.8642
1.9842
-6.5858
-3.7158
-1.6158
-6.2658
7.9942
0.38419
-4.4558
-0.72581
-3.5758
-0.63581
3.8942
-4.2358
0.93419
3.0142
-2.7958
4.0042
-2.7758
2.9842
1.4642
0.044191
-2.7158
-5.8458
2.3342
-1.6458
-1.9358
0.90419
0.76419
-0.14581
-0.81581
0.42419
4.8442
-0.65581
-1.0658
-1.8258
0.58419
7.8342
5.9142
-2.7358
10.884
-1.7658
3.4142
3.4142
-4.3658
0.50419
2.6342
-2.1458
-5.1758
5.3842
1.5742
4.8242
-4.1058
-0.99581
1.5842
-4.0658
-2.8658
0.054191
-1.1858
-0.61581
-2.8458
0.44419
-6.9158
-7.0258
-4.9158
1.0842
-3.3358
1.5542
-5.9458
-1.7758
-3.7058
-0.94581
-4.4758
0.65419
-4.9258
-3.8458
1.4142
-4.2558
-3.9958
-1.4658
-6.1358
2.3642
0.97419
-1.9758
-6.0258
-1.7058
-5.1858
4.6742
-4.4258
10.064
5.8642
8.1142
1.1242
0.90419
0.94419
0.73419
-0.69581
4.0042
-2.4258
5.2842
2.0542
-1.5658
-3.4758
0.10419
-0.27581
1.2742
-1.5458
-0.89581
0.24419
-3.9358
4.1042
5.3942
6.7642
-5.9358
1.8542
3.6742
3.3742
3.3942
-5.5858
-0.20581
-5.6558
0.22419
2.5342
-3.6558
-1.2058
-0.65581
-2.4058
3.3142
-0.38581
-1.7158
2.8942
0.48419
-6.0758
-0.79581
4.6742
5.0842
3.3942
1.5442
-0.89581
0.44419
-5.4358
-2.7058
-0.50581
-0.91581
0.51419
-2.4058
5.2442
1.4342
4.1142
2.0742
18.574
-5.5158
-3.0258
-6.1858
-3.2058
1.7942
-2.1258
8.8942
-3.1558
-3.1258
0.33419
-2.9758
-2.2358
3.1342
3.2042
-2.0258
3.4342
-4.2358
-0.54581
-3.0158
-3.0058
-4.0858
-2.7158
-2.0758
1.8842
-3.0558
3.8642
-4.8758
-4.8658
1.1042
2.9142
0.51419
-3.5158
-1.5458
9.6442
-0.56581
-0.45581
1.5142
4.8742
0.29419
6.6042
1.8842
1.5642
-3.5358
-2.3058
-7.5458
-3.0658
3.1942
1.0542
-4.9358
9.5442
0.82419
-3.2758
-3.9558
1.2542
-3.5058
5.6542
6.5942
-1.8458
3.6942
3.0542
-1.5558
0.98419
-3.1658
3.7542
6.2642
-4.4958
-2.3758
-0.72581
-4.0158
-7.8158
1.6142
-4.2658
-0.43581
-3.9058
-4.0058
-1.3558
29.494
-0.16581
5.0742
0.86419
3.8642
-0.30581
-2.5458
1.8342
-1.8758
3.6642
-5.7758
-2.5758
-0.33581
-4.2458
-5.4258
0.20419
-2.7958
4.8342
-8.6858
2.3242
-5.2058
-1.3258
-4.7658
-1.4958
0.54419
-2.8558
-2.6558
-6.0358
-5.6058
-4.5258
-6.2758
3.9642
1.0142
14.094
-7.4658
2.1842
-3.5558
-3.4258
-3.1258
-3.0058
9.0942
-0.89581
1.3342
0.99419
-0.60581
-0.31581
-1.7258
-4.4858
-5.1058
-0.17581
-3.6258
3.4242
0.51419
1.1342
-0.18581
0.92419
0.87419
3.6342
-0.095809
3.7742
0.51419
-1.2258
-0.015809
-5.7758
15.634
-0.17581
-8.2258
-4.5958
-3.9158
-4.5658
1.0242
-6.2558
0.11419
-1.7558
-3.8758
4.9842
0.60419
-3.8658
-5.6958
-4.5458
-3.3658
-2.3358
5.0442
-5.2258
1.2442
26.094
3.0042
0.46419
-3.7658
4.7342
1.6042
1.3442
0.14419
-0.025809
-0.67581
-3.3058
0.27419
5.9542
1.4942
11.924
-1.9458
1.0342
6.7842
-6.1558
7.7342
6.6742
-2.1058
1.2442
10.954
-4.2858
-2.0158
3.1342
0.52419
4.2442
1.7742
-3.2658
1.5342
0.77419
-2.0758
3.7042
-0.68581
7.0842
-0.39581
1.5742
-7.4658
1.8842
-1.1058
-4.4658
-6.7058
-1.0358
-1.3458
4.7942
-3.4258
10.644
0.42419
-5.0758
1.6442
-2.9458
6.3042
-0.39581
-3.5758
-4.3758
-0.29581
3.4742
-0.49581
-4.9458
-3.9158
-4.1958
-1.6358
5.1942
-4.3858
3.6542
-5.4358
5.6542
-2.0658
0.95419
3.5342
-2.0158
-1.7058
-0.10581
0.90419
-3.9058
8.7842
-2.4358
-3.2458
-3.0058
1.0142
-1.0958
2.1642
5.3442
9.8442
2.9042
-3.4458
1.7642
2.4342
-0.16581
-6.1258
-7.1258
-5.3758
2.6542
-5.3858
-5.7458
-4.7058
0.29419
1.2442
-0.45581
3.5142
-2.5558
-0.39581
-1.5858
-6.7658
-7.3958
6.0342
4.1842
-7.2958
2.5542
-4.5958
-4.7458
-1.9958
11.534
-6.8358
-5.1158
1.3542
-5.0558
1.8142
-2.7058
0.45419
3.8542
0.35419
3.9442
13.054
7.1642
0.61419
2.1242
-0.025809
-6.4158
-3.4058
-1.1758
-4.0358
3.7342
4.4442
0.73419
5.1942
-0.48581
3.8142
0.28419
1.8942
-1.4258
-6.8658
1.3442
0.28419
-1.3458
-0.11581
-2.5458
6.8942
-4.0358
2.3642
-1.4858
-3.0158
-3.1658
11.714
-6.1758
-1.6958
0.61419
1.7642
-0.69581
-3.1158
-2.8858
-3.1658
-7.3358
-2.1458
-2.8158
-2.4058
-3.9058
5.7442
1.5842
15.464
0.70419
2.5642
0.19419
13.524
-4.1758
-1.5658
-1.5758
-5.3058
1.3142
-5.0358
-5.8458
-8.8558
-5.7558
-6.8658
3.8042
4.3342
2.5942
0.71419
-4.5158
-2.1858
-0.54581
4.2742
2.8342
0.62419
1.1842
-5.8958
-1.3558
0.82419
-6.7258
6.1042
0.92419
-0.0058085
-1.0158
-1.2458
3.0242
4.2042
-0.48581
1.9542
3.0042
4.3542
0.30419
1.2142
1.6042
-1.5558
2.1042
-6.3158
3.9542
-0.41581
7.4242
-0.42581
5.4242
-4.7458
-0.36581
4.3742
-6.5758
-1.7758
2.1442
5.0742
1.5242
-1.1158
3.4442
1.6642
-0.46581
1.9342
2.9042
2.7342
13.994
0.63419
-4.1658
1.4942
-7.5658
-2.6158
-4.6458
-2.2458
0.27419
2.2742
3.4442
0.13419
-1.9758
3.5342
-0.035809
-4.4258
-0.11581
0.35419
-2.4858
0.19419
0.52419
6.3242
-4.9858
-5.2458
10.834
2.9642
6.5042
2.3442
-0.58581
-3.9458
-5.5958
-6.0158
0.96419
1.2742
-6.1358
-3.2958
1.5542
-1.0758
-2.9358
-5.8758
-5.2958
-1.2758
-0.53581
-7.0858
2.8442
-2.5158
-0.21581
-2.9758
-3.9858
-0.81581
-2.1858
-5.5658
2.9042
-0.65581
11.404
-3.2758
0.46419
-0.86581
-3.4858
2.9642
-7.2358
18.084
-7.6758
2.1442
-5.5058
-1.3558
5.7242
-5.2958
-0.90581
1.8542
-5.3358
8.6942
-4.7158
10.474
-2.6158
5.3042
0.54419
-0.87581
-0.84581
-1.2558
-1.6158
-5.5058
5.9942
-8.2158
-3.4058
5.5342
1.9942
3.2542
-2.0858
-6.1058
1.9242
-1.3358
-4.8158
-1.3858
-1.0958
-0.045809
2.5442
2.7042
-0.095809
17.304
3.5042
4.9142
-0.73581
-9.0058
0.71419
-3.2058
-5.0458
-1.1458
3.6142
-3.7258
13.924
3.8342
0.79419
-3.3258
-2.9658
-6.1558
-0.24581
0.35419
1.9642
-2.5858
-1.9158
1.2642
-0.015809
1.3042
-0.79581
9.6442
1.3542
0.99419
6.3542
2.0242
0.0041915
-1.6258
-7.2258
20.024
7.5742
1.6942
2.6842
-4.1858
-0.94581
-5.1258
-0.90581
-5.4758
-5.5058
2.4642
-1.4058
-3.5158
-0.20581
0.43419
-2.2858
3.4742
-5.7858
-2.7658
-2.2958
-3.6358
-3.8858
2.2542
-5.3258
-6.0858
0.44419
1.8342
0.97419
26.204
7.1342
-3.6058
-4.7658
0.10419
16.624
12.954
-0.16581
4.9342
2.6042
-8.4358
-3.5358
0.52419
-0.86581
-6.3758
-0.93581
1.3042
0.21419
1.7542
-1.7858
-0.065809
3.9542
-2.7658
4.6842
11.874
-1.8758
4.6542
-3.1258
0.47419
-0.57581
4.2842
3.9742
-0.40581
-5.6058
-0.75581
0.21419
-1.5758
-1.5458
-3.6158
-3.9358
-3.1858
-1.5758
-1.1058
-4.0058
3.3842
-0.70581
9.9242
0.33419
4.6142
-3.9958
1.8642
-0.30581
-0.025809
0.69419
12.324
2.9942
4.3342
-4.2858
-5.2358
-3.4658
-5.8958
1.3242
10.434
-1.3158
0.40419
0.054191
1.1642
-0.98581
-5.3058
-2.9958
-1.6958
-0.055809
0.47419
4.4842
-0.085809
0.014191
-7.5158
1.3642
0.59419
-5.0958
0.37419
2.2442
-5.4258
-3.2458
2.6342
-1.6258
-1.1658
-6.3458
-4.3758
-0.94581
-1.6858
1.4142
2.9542
-4.5458
0.48419
2.1542
3.5342
-8.5358
1.8042
-5.4158
6.5442
-2.5458
-4.6858
11.104
-2.8958
-0.27581
0.36419
-3.8258
-4.4958
1.4442
-3.2058
-6.1958
-5.6958
2.0042
5.1742
1.5342
0.60419
-2.6658
-0.34581
-0.87581
-1.0758
1.9842
0.51419
-0.42581
1.5542
2.0642
-4.5158
1.7542
-6.1558
-0.085809
-4.2358
-0.17581
1.8442
3.0242
-2.7558
-3.9058
0.054191
-1.6958
-2.5358
-1.0858
8.4542
11.194
2.2342
-8.0058
1.6042
-3.5758
-0.45581
-3.6758
9.4242
-4.8058
-0.89581
-0.88581
-5.1458
-1.7858
3.2142
-1.4458
2.6342
1.0942
2.2042
-4.1758
1.8342
-7.3558
-0.0058085
5.2842
-1.5658
0.084191
-0.94581
-0.58581
-4.0158
0.65419
-7.2158
-0.31581
0.31419
-1.6258
4.9742
2.4042
0.14419
3.6442
-4.1158
2.9342
0.16419
2.2542
-0.24581
-7.3358
12.404
-0.75581
-0.58581
2.9942
-3.9658
-3.6058
-4.5958
-0.96581
-6.3958
-0.075809
4.7942
1.3642
-5.1958
3.7342
12.384
0.17419
-0.75581
2.8742
-2.9658
-0.28581
-3.9458
-3.6658
-5.3158
-5.0658
-6.0858
-1.0658
-4.0958
8.9342
-3.3758
2.0542
13.254
5.0542
3.9542
-0.38581
-3.1358
3.2542
-4.8558
0.25419
2.2142
-5.3558
-1.1658
-2.4458
1.2042
1.3942
-2.4858
1.5442
3.1642
2.0242
-8.4058
-2.2058
0.51419
4.6942
0.58419
11.664
-1.1658
-0.74581
-1.9358
-2.1058
0.78419
5.3642
-2.3358
8.6342
2.1142
0.29419
5.2942
0.064191
5.6842
-7.5458
5.0942
1.0642
-0.70581
5.4342
-3.8058
0.69419
-3.4558
-4.9258
-0.085809
-0.49581
-1.4958
7.1042
6.5742
-2.0058
-0.075809
4.5542
-5.0158
-1.6358
13.484
11.114
-1.3258
5.4842
11.344
-1.5058
-4.1658
2.9542
-6.5358
-2.4158
0.46419
-4.2658
0.024191
3.8742
0.51419
0.64419
0.064191
1.6742
-4.5458
4.9442
5.7942
-1.3258
-2.0858
-3.3858
3.9242
-1.9558
1.8442
-4.2958
-0.035809
-0.89581
-2.1358
-4.7458
-6.0058
-2.7358
-5.7258
-5.3558
-8.0358
-0.88581
-0.84581
-3.5758
4.8842
2.4942
-0.65581
-2.2558
-3.5058
6.1542
-7.1058
0.37419
-4.4058
-3.0358
-2.5458
-2.0058
-1.1758
3.4642
0.42419
19.174
-0.46581
0.36419
-4.6058
3.1942
-2.3558
5.2542
1.3242
-4.2958
13.824
3.1842
-1.8058
-5.2158
-6.4658
-3.9858
6.1542
1.0242
0.39419
-4.4558
0.55419
1.7742
-6.2358
-5.5858
-5.3658
-2.9958
-3.9858
1.8242
0.44419
12.114
0.98419
-2.3258
-5.8858
3.2542
-1.1058
-0.69581
0.38419
0.26419
-4.5658
0.34419
5.2542
8.1442
-4.4858
1.7842
2.6642
-0.92581
2.9442
-6.0858
0.36419
1.6642
-5.2758
-5.8858
6.4442
-1.2158
0.60419
0.60419
1.8042
0.94419
-5.5858
-5.4458
1.1642
-1.7458
2.5142
-0.39581
2.4342
-7.7758
1.3142
-0.095809
-0.34581
0.18419
0.86419
-3.1158
-3.9858
-5.7758
1.6942
4.0842
-1.5858
-3.1258
0.92419
1.7942
3.0942
2.7642
-0.77581
2.1942
2.8342
3.0142
0.96419
-0.53581
2.6242
2.5842
-0.64581
0.24419
1.6342
-0.065809
7.0742
1.7842
13.794
-4.3258
1.6942
-3.6458
-2.8258
1.3942
6.5142
-1.8558
-3.0258
-0.32581
3.9742
-1.2358
1.4242
-3.0258
12.724
-6.3758
-0.095809
-1.8558
1.9542
6.5842
-0.70581
-3.5858
-3.4458
-1.1358
11.734
-5.5158
-0.96581
-5.2758
5.7542
-1.6658
8.4442
2.5842
-2.9358
-0.16581
1.8342
-5.1658
0.99419
-5.4858
13.394
-1.1658
5.2542
-4.3958
-5.3458
1.5742
-4.1758
-0.38581
-1.0158
5.7342
12.434
-0.29581
5.4042
0.31419
6.3542
0.084191
-0.31581
-0.35581
2.7942
-5.9458
0.31419
5.3442
5.0442
-4.4858
-5.6158
-1.7358
-7.5358
2.1742
19.814
2.1142
-5.5658
2.3342
2.7442
-1.3658
4.8942
0.0041915
-0.32581
1.3242
-7.5258
3.9142
0.90419
-4.8758
1.7042
0.30419
-5.2358
1.2142
-1.1358
-7.4358
3.9842
4.3242
2.1942
5.8142
-5.1258
-2.9658
0.28419
1.9442
4.8142
-2.5558
-0.59581
-1.7458
-0.72581
0.41419
0.85419
-2.0858
-2.8858
-1.7458
-6.3858
-0.53581
-2.3358
-2.5158
16.094
1.6242
0.52419
-2.0458
-1.8258
-2.0758
-2.7058
-5.7358
1.5042
6.1142
2.9842
4.9842
-0.79581
-2.1358
4.1642
0.32419
-0.48581
-2.4958
3.0842
-2.4058
-5.7158
5.3142
-0.68581
-1.7158
8.6542
-5.5358
-1.4458
6.2342
1.9542
-5.4558
0.034191
-7.0258
-0.50581
-1.4658
-6.9858
0.53419
2.2942
0.44419
0.63419
0.37419
2.0542
4.8042
-7.0158
-6.3758
8.9442
-7.4458
0.68419
-1.3758
1.7642
-3.5658
6.1642
-2.1458
-1.6158
2.2742
2.1542
-0.59581
-4.1958
-3.2058
0.034191
-0.96581
-1.4158
-1.0858
-0.87581
-0.92581
0.32419
-2.0758
1.2342
-3.0458
6.7142
3.8942
1.9042
-2.4258
2.8542
10.954
1.4242
-4.0358
-4.6258
-5.4558
-2.9958
-6.0458
-4.0258
0.97419
-2.1458
-4.3658
-3.7558
3.1842
0.61419
5.1242
2.8642
1.4842
-2.6758
5.3342
1.2942
-2.2758
-4.2558
7.1342
2.6842
-0.41581
-1.9958
8.4242
3.6242
5.2742
0.77419
0.034191
0.37419
1.4642
-3.2458
-1.4658
2.0042
-1.2458
-1.9558
-7.6058
2.2542
0.58419
-6.0858
-4.0058
-2.8358
2.4242
10.194
1.3242
3.3342
-0.83581
2.6442
-0.64581
0.45419
-0.65581
-4.8058
2.4542
2.7442
-3.9758
-2.5358
-0.55581
-0.59581
0.20419
2.6842
1.2842
-2.8758
-8.7458
2.6942
-7.3558
2.4542
-4.2658
2.7642
-5.6158
10.944
-0.055809
2.8542
-6.1658
20.174
-6.8058
0.34419
1.7042
2.7842
-4.4358
-0.095809
4.4442
2.6242
3.2642
4.2842
0.92419
2.3542
-4.9658
0.63419
-3.7758
4.5542
0.63419
-0.45581
-3.3358
1.1542
1.4442
-4.6858
-4.8858
2.2442
-0.90581
-0.015809
-1.9458
-5.7958
15.764
2.6942
13.504
0.22419
-4.9858
2.4242
0.92419
-3.8258
-2.4558
-0.61581
-0.16581
-7.5558
0.79419
1.4642
-2.5058
0.72419
-1.7558
14.514
5.8142
1.9142
0.21419
2.4442
-3.9558
-0.46581
0.71419
-3.4058
1.0542
0.62419
1.5142
-0.24581
1.0242
3.3942
1.2342
-6.4258
-5.4058
1.7342
-0.77581
-0.87581
2.2542
-1.0658
-5.9758
-5.1558
-3.7958
2.9142
-3.6658
2.3042
-1.9758
3.8342
-1.3958
-1.4358
-3.2658
-5.7958
5.0342
-5.6258
9.0242
-5.2858
0.59419
-8.5758
-0.025809
-2.7758
4.2042
-4.1958
-0.53581
-5.7358
-0.54581
-0.34581
0.80419
-3.8858
2.4542
-3.2458
1.0242
-3.9858
3.3342
-4.9258
-4.5858
-5.2658
3.1942
-5.3458
-3.4158
-4.6158
-1.6158
6.1442
-2.7258
1.9442
0.20419
-4.8058
-6.0258
-2.9358
-6.7658
7.2042
-0.20581
2.4242
-1.9058
-7.0258
5.7042
2.0142
0.56419
-8.3558
1.8942
2.1742
3.5042
-7.7558
3.6342
-0.86581
-2.3558
5.6042
-4.6858
-0.58581
3.9842
-5.0558
-7.9258
-0.84581
-6.4858
4.0142
-0.13581
-2.3658
1.3042
-4.4258
3.0242
-0.085809
-5.9958
0.55419
-3.8658
-5.4658
32.534
-5.7058
-2.7958
-5.8458
-1.0558
-2.5858
-1.6758
0.32419
-6.9458
4.5942
-6.7558
10.964
1.3642
-3.3758
6.2542
-1.3058
-2.5358
2.6442
-0.11581
6.9742
5.2742
7.8142
0.54419
-1.3858
2.3442
1.8442
-4.1558
3.0342
0.084191
2.1542
2.8742
3.8842
2.4042
-6.8658
1.1842
-7.5058
7.2742
-5.7958
1.8642
-4.8858
-6.2258
14.354
-2.9758
-4.8958
1.2142
-0.15581
-7.4658
-5.1558
-7.0758
0.38419
1.1842
-7.1958
-7.6558
8.5542
-5.4758
4.3242
-6.2558
-3.2958
-4.2258
16.934
2.2542
-0.025809
-2.7958
4.1842
-4.3758
4.5042
-6.5558
-2.5358
16.554
-0.88581
-0.72581
-2.4058
3.4242
1.4442
-5.0858
-6.1158
1.4642
-3.9458
-1.2658
-1.1758
1.7642
-5.5658
-2.4558
4.7542
-6.9458
1.7242
3.2842
-1.5958
3.3742
0.084191
-7.5358
4.6842
0.79419
-4.0758
-3.8158
-6.6958
-2.8058
-0.91581
-3.3058
5.9442
7.3042
0.074191
-5.1158
-1.8258
-4.1058
3.7142
0.37419
-4.9258
0.024191
20.364
-6.6358
2.0142
6.3442
-1.0958
-7.6158
2.9242
-1.5158
6.8642
-1.5658
-2.2458
0.20419
3.2442
14.954
-6.4858
-4.8758
-6.3358
4.4442
6.1742
6.5242
-3.1558
-1.3858
5.2042
-1.1758
1.3142
-2.8758
-5.7658
-0.075809
-0.65581
1.8042
1.3942
-0.0058085
-4.0758
4.8942
8.2142
-4.4758
2.0442
1.4442
4.3142
-0.83581
-4.4658
-0.90581
-4.3858
-3.1958
-1.7458
-0.29581
1.2242
1.7642
0.27419
-0.65581
-0.34581
5.0142
2.7642
-1.6558
17.194
-3.3558
8.8242
2.4242
13.514
2.3542
2.2242
-6.2758
-2.5158
0.034191
-5.2158
-4.7358
-2.8958
6.1942
1.0442
-5.8258
-5.4658
7.7942
-0.095809
0.87419
6.3442
0.23419
-0.26581
4.0542
-2.9958
-0.36581
-5.1558
-1.0658
-5.1858
-6.9158
-0.42581
-4.6958
-5.2758
3.0142
2.3942
-1.1358
-3.6258
1.7042
0.25419
0.064191
6.9542
-1.4458
-2.5858
-6.1258
2.1442
-5.0758
-0.86581
-0.52581
3.0542
9.4042
-5.8958
-1.7058
2.2042
4.4442
-1.3858
-2.8158
1.0842
1.4842
2.3342
-0.72581
-2.3558
-1.6958
-0.76581
2.0742
-2.9858
4.3642
0.53419
-3.0958
0.99419
-1.6158
-0.91581
-5.6558
-0.96581
1.4742
-2.1758
-7.9758
-0.085809
-0.035809
-5.0258
-1.3758
-5.4158
-1.2858
5.8842
-2.5458
-8.5058
1.8842
0.024191
-0.58581
2.2942
11.374
0.094191
10.454
-4.1258
0.97419
0.094191
-2.3858
4.7942
0.094191
5.7642
-7.1158
9.3742
1.5242
-3.2858
-6.0358
1.9842
-3.6658
3.9742
4.5542
2.5642
2.1442
2.0742
-3.2458
3.9842
0.57419
-4.2058
13.624
-0.67581
-1.7158
6.0542
4.4842
-5.0358
-5.2158
-0.98581
1.5542
-2.1858
2.7642
-0.88581
-5.0058
-2.5758
5.6542
3.6442
2.3142
1.3542
-1.8358
1.4742
1.8942
-2.5658
-5.3758
1.6742
-0.81581
-0.71581
-0.36581
2.8142
-0.56581
5.3542
2.6742
-6.4558
-1.4758
-0.56581
0.53419
1.7542
3.3342
-6.9758
2.5342
4.5842
-0.025809
3.0942
-0.54581
-1.3658
-1.7958
2.6442
-0.93581
-2.0058
6.7642
-1.5058
0.20419
-1.6358
8.3742
-3.8858
-3.4058
-5.0758
0.57419
-4.6458
-1.8458
1.6942
0.77419
-0.75581
-2.3758
-1.6558
10.474
-6.4558
-2.7258
-6.5558
4.6142
-3.1558
-2.1758
-3.6658
-5.5658
-3.8858
-0.095809
-0.55581
-3.5358
1.9342
0.34419
-1.4058
-3.5558
-0.25581
1.3042
3.4442
1.9142
-1.6758
0.25419
0.074191
-0.61581
-0.36581
-2.0458
5.3042
-0.18581
7.2242
-5.8658
1.5742
-5.6058
-0.66581
8.8842
0.97419
5.3642
2.5942
-3.4558
0.84419
0.41419
-3.3958
23.354
-4.0058
2.3242
6.5942
0.94419
-0.80581
1.1242
4.8242
-1.4858
0.93419
-0.61581
2.4442
-4.9558
2.5842
-2.6858
9.7442
2.9242
1.6742
0.41419
0.56419
10.394
-1.5258
1.1742
-6.4858
-5.4058
-5.2458
-3.9658
1.4842
-3.7158
-0.80581
-0.39581
2.5642
1.8942
-0.035809
-7.5258
0.73419
-0.025809
-3.1558
2.7442
-5.0458
3.6142
-0.30581
-1.7458
-5.6958
-5.7358
-4.2358
14.364
-5.5258
-3.1758
-3.6858
-1.8858
1.4542
-3.6958
-4.9958
10.154
9.4342
-6.0358
14.084
0.86419
-6.1258
3.2042
3.7642
8.7642
3.8642
-6.2558
0.064191
-5.8058
0.73419
-4.7358
1.7342
0.83419
6.1042
-6.0558
-7.1558
0.12419
-2.1858
5.1742
1.8242
0.17419
-1.5158
-1.5158
-5.4258
1.1742
-5.7958
10.784
10.474
-3.6458
1.3142
-0.75581
-2.6858
1.0742
-0.75581
0.34419
1.7842
-5.3658
-5.6458
4.9242
-5.1458
0.45419
3.8642
9.1442
-4.6258
7.2842
1.3742
-0.075809
1.4242
5.5842
-2.0558
-1.5358
-6.0558
3.9342
4.9842
5.6942
-0.12581
-0.48581
-0.76581
-4.6158
-4.9958
-0.88581
6.0442
-4.6858
0.21419
-1.2858
0.92419
-0.64581
-4.3358
-6.0458
5.4842
1.1742
1.1142
1.9742
-5.3358
-0.23581
-4.2258
-0.91581
-1.2058
-7.6058
-1.2258
1.5642
-6.6158
-3.2758
-4.6758
-1.5258
-3.5058
-0.035809
-4.6958
-5.6358
1.3342
10.104
-2.0858
-2.3658
0.90419
12.184
2.5542
-5.4758
-2.7458
-0.49581
-3.8158
7.1342
-6.0058
5.4042
-4.1458
0.32419
0.90419
-0.76581
-0.49581
-0.39581
4.3442
-4.6258
-0.22581
7.6542
-0.43581
-2.1758
2.8142
-1.7158
2.2742
2.9042
1.1042
-6.8558
6.9342
-0.11581
3.6442
-1.5458
7.4842
7.6342
-1.1758
-2.4058
-0.90581
-0.20581
-5.7958
-3.4958
1.3042
7.5942
-0.075809
-4.9858
-1.0958
-0.29581
0.51419
1.8042
5.6542
-0.82581
-5.3158
-2.2758
-4.5858
4.7642
-2.2058
-1.3658
0.87419
4.9042
-0.26581
2.2142
-0.12581
-1.5158
2.0442
4.1242
3.4442
4.4442
-4.4158
5.2542
2.3542
-0.74581
5.1742
-0.86581
1.3342
-0.17581
-5.1958
2.6042
-3.3958
3.5142
-1.8758
-0.94581
-3.9558
-5.4658
-6.4358
11.134
-0.40581
5.0742
-0.40581
2.3542
3.4642
3.0342
-1.5458
-7.2158
-0.29581
7.2542
-2.8058
3.5142
-0.15581
-0.68581
-1.2458
-7.4458
-3.3758
1.0542
-2.1258
0.26419
-7.2858
1.3242
1.8042
-4.2458
1.4042
1.5242
-6.3658
-3.5658
20.224
2.1142
-2.2458
5.3542
1.0642
13.064
-3.5758
-2.4158
2.3342
-0.31581
-4.9758
2.2042
3.5542
-6.4958
-0.83581
0.97419
-6.1858
-1.5258
1.4742
-4.4658
-6.7658
-0.63581
0.62419
6.7242
-5.8258
8.4442
5.3942
-1.0158
-6.5758
-3.7958
-1.3558
-3.6958
-2.1358
-4.2858
0.82419
-2.3858
-1.0358
-4.8458
3.9442
-5.0858
6.1942
-0.18581
3.9742
-0.13581
0.27419
10.364
-1.3158
8.3042
-4.7058
6.0942
0.034191
-0.54581
-2.6958
3.8842
6.2442
-1.7258
2.7842
2.7842
-0.17581
8.8942
2.5542
-0.75581
-4.0958
-1.9158
-6.0658
-6.3458
-0.48581
4.8142
-5.8158
-4.9158
1.8342
-1.0058
-1.1158
10.534
-5.7558
-5.7758
-0.68581
2.9742
-3.2358
-2.2158
7.1942
-2.1858
2.0542
-1.0958
1.1942
-2.2058
-7.2758
-4.9158
-1.4258
1.3342
10.054
3.6442
3.6842
4.3542
-5.3558
-0.76581
-1.2158
9.4042
-7.6658
-2.1658
1.1942
-6.3558
5.0942
4.0242
-5.3858
1.0842
-1.7458
1.2542
-4.0858
1.3042
8.4342
-5.4758
-5.9158
-0.16581
-6.3658
-5.2158
-4.4458
6.3442
-4.4258
-1.7158
2.6542
0.98419
-1.7358
-5.7558
5.0942
-0.87581
-2.9858
0.80419
4.5842
-2.0258
1.4842
2.7542
15.344
0.57419
-1.4358
-5.5158
-3.3858
-6.1058
-8.5658
-3.1958
-4.2658
-0.33581
11.514
10.154
1.4042
-0.23581
5.4242
-5.8058
-5.4458
11.524
4.7942
-6.8458
-1.6758
-3.4958
1.2842
-2.3758
-0.53581
-1.4358
1.2442
-6.5858
3.0742
6.6142
1.6542
1.8342
4.1842
7.2242
0.76419
0.074191
3.1442
-2.6558
-0.50581
-1.0358
-1.7458
3.2942
-4.0158
0.19419
6.6542
6.3242
-5.7858
2.4442
5.0742
2.6442
1.2342
10.904
9.3542
5.7142
-5.3558
2.4642
-5.7258
1.4342
-6.8358
5.2542
-0.70581
0.92419
-0.53581
-2.5958
0.55419
5.5642
-1.0158
4.8642
1.6842
-7.3358
-1.8958
0.47419
1.8642
24.414
-1.7758
